3 0 0 0 0 0 0 0 0 0 0 0 0 0 0 0 0 0 0 0 0 0 0 0 0 0 0 0 0 0 0 0 0 0 0 0 0 0 0 
4 6 0 0 0 0 0 0 0 0 0 0 0 0 0 0 0 0 0 0 0 0 0 0 0 0 0 0 0 0 0 0 0 0 0 0 0 0 0 
5 7 9 0 0 0 0 0 0 0 0 0 0 0 0 0 0 0 0 0 0 0 0 0 0 0 0 0 0 0 0 0 0 0 0 0 0 0 0 
6 8 10 12 0 0 0 0 0 0 0 0 0 0 0 0 0 0 0 0 0 0 0 0 0 0 0 0 0 0 0 0 0 0 0 0 0 0 0 
7 9 12 14 16 0 0 0 0 0 0 0 0 0 0 0 0 0 0 0 0 0 0 0 0 0 0 0 0 0 0 0 0 0 0 0 0 0 0 
8 10 13 15 18 21 0 0 0 0 0 0 0 0 0 0 0 0 0 0 0 0 0 0 0 0 0 0 0 0 0 0 0 0 0 0 0 0 0 
9 11 14 17 19 22 24 0 0 0 0 0 0 0 0 0 0 0 0 0 0 0 0 0 0 0 0 0 0 0 0 0 0 0 0 0 0 0 0 
10 12 15 18 21 24 26 29 0 0 0 0 0 0 0 0 0 0 0 0 0 0 0 0 0 0 0 0 0 0 0 0 0 0 0 0 0 0 0 
11 13 16 20 22 25 28 31 34 0 0 0 0 0 0 0 0 0 0 0 0 0 0 0 0 0 0 0 0 0 0 0 0 0 0 0 0 0 0 
12 14 17 21 24 27 30 33 36 39 0 0 0 0 0 0 0 0 0 0 0 0 0 0 0 0 0 0 0 0 0 0 0 0 0 0 0 0 0 
13 15 18 22 25 28 31 36 39 42 45 0 0 0 0 0 0 0 0 0 0 0 0 0 0 0 0 0 0 0 0 0 0 0 0 0 0 0 0 
14 16 19 23 26 30 33 37 40 44 48 52 0 0 0 0 0 0 0 0 0 0 0 0 0 0 0 0 0 0 0 0 0 0 0 0 0 0 0 
15 17 20 24 28 31 35 39 42 45 49 53 55 0 0 0 0 0 0 0 0 0 0 0 0 0 0 0 0 0 0 0 0 0 0 0 0 0 0 
16 18 21 25 29 33 36 40 44 47 51 54 57 60 0 0 0 0 0 0 0 0 0 0 0 0 0 0 0 0 0 0 0 0 0 0 0 0 0 
17 19 22 26 31 34 38 41 46 49 53 56 59 63 67 0 0 0 0 0 0 0 0 0 0 0 0 0 0 0 0 0 0 0 0 0 0 0 0 
18 20 23 27 32 36 39 43 47 50 54 57 61 65 69 72 0 0 0 0 0 0 0 0 0 0 0 0 0 0 0 0 0 0 0 0 0 0 0 
19 21 24 28 33 37 41 45 49 52 55 58 63 67 72 75 81 0 0 0 0 0 0 0 0 0 0 0 0 0 0 0 0 0 0 0 0 0 0 
20 22 25 29 34 38 42 46 50 55 58 61 65 70 75 80 84 88 0 0 0 0 0 0 0 0 0 0 0 0 0 0 0 0 0 0 0 0 0 
21 23 26 30 35 39 43 48 52 57 60 64 68 71 77 83 88 92 96 0 0 0 0 0 0 0 0 0 0 0 0 0 0 0 0 0 0 0 0 
22 24 27 31 36 41 45 49 53 58 62 66 70 73 79 85 90 95 100 105 0 0 0 0 0 0 0 0 0 0 0 0 0 0 0 0 0 0 0 
23 25 28 32 37 42 47 51 54 60 64 67 72 75 81 86 91 96 101 106 108 0 0 0 0 0 0 0 0 0 0 0 0 0 0 0 0 0 0 
24 26 29 33 38 43 48 52 56 60 66 69 73 78 83 87 93 98 103 108 110 113 0 0 0 0 0 0 0 0 0 0 0 0 0 0 0 0 0 
25 27 30 34 39 45 50 53 58 62 67 70 76 80 82 90 94 100 105 110 112 115 118 0 0 0 0 0 0 0 0 0 0 0 0 0 0 0 0 
26 28 31 35 40 46 51 54 59 64 69 73 78 82 85 92 93 101 107 111 114 117 121 124 0 0 0 0 0 0 0 0 0 0 0 0 0 0 0 
27 29 32 36 41 47 52 56 61 66 70 75 79 84 86 93 97 102 108 111 115 121 124 127 131 0 0 0 0 0 0 0 0 0 0 0 0 0 0 
28 30 33 37 42 48 53 58 63 67 72 77 82 86 89 95 100 103 110 113 115 123 125 129 134 130 0 0 0 0 0 0 0 0 0 0 0 0 0 
29 31 34 38 43 49 55 59 64 69 74 78 84 88 92 95 101 106 111 115 119 125 123 133 137 135 139 0 0 0 0 0 0 0 0 0 0 0 0 
30 32 35 39 44 50 56 61 66 70 76 80 86 90 94 99 103 109 112 118 122 123 128 136 140 141 140 144 0 0 0 0 0 0 0 0 0 0 0 
31 33 36 40 45 51 58 63 67 72 77 82 87 92 97 101 106 110 114 120 125 129 131 140 144 146 142 146 151 0 0 0 0 0 0 0 0 0 0 
32 34 37 41 46 52 59 64 69 73 79 84 89 94 99 104 109 112 117 122 127 132 134 143 147 150 148 151 154 161 0 0 0 0 0 0 0 0 0 
33 35 38 42 47 53 60 66 70 75 80 86 91 96 102 107 109 114 120 125 130 135 134 147 148 154 152 156 160 166 165 0 0 0 0 0 0 0 0 
34 36 39 43 48 54 61 67 72 77 82 87 94 98 104 109 111 116 122 128 133 138 137 150 151 157 156 161 163 163 170 177 0 0 0 0 0 0 0 
35 37 40 44 49 55 62 68 73 78 83 88 95 100 106 111 114 119 121 127 135 140 137 153 155 160 160 164 165 170 175 183 188 0 0 0 0 0 0 
36 38 41 45 50 56 63 69 75 79 85 90 95 102 108 113 117 119 125 131 134 142 142 154 158 163 165 168 168 172 177 189 192 196 0 0 0 0 0 
37 39 42 46 51 57 64 71 76 81 87 92 98 104 110 115 119 124 128 134 138 146 144 149 157 165 168 171 172 177 180 190 197 201 206 0 0 0 0 
38 40 43 47 52 58 65 72 77 82 88 93 100 106 112 117 121 125 131 135 141 146 148 152 155 168 171 171 177 176 186 194 194 205 207 213 0 0 0 
39 41 44 48 53 59 66 73 78 84 89 94 100 108 113 119 123 125 131 137 144 149 152 157 159 165 175 172 184 181 190 198 198 207 205 217 212 0 0 
40 42 45 49 54 60 67 75 80 85 91 96 102 110 115 121 125 130 134 140 146 153 153 161 163 166 179 177 184 185 188 198 203 202 212 221 212 216 0 
41 43 46 50 55 61 68 76 81 87 93 97 104 110 116 122 127 133 136 141 149 155 158 163 166 171 182 181 188 190 191 194 203 208 216 225 219 222 222 
