3 0 0 0 0 0 0 0 0 0 0 0 0 0 0 0 0 0 0 0 0 0 0 0 0 0 0 0 0 0 0 0 0 0 0 0 0 0 0 
4 6 0 0 0 0 0 0 0 0 0 0 0 0 0 0 0 0 0 0 0 0 0 0 0 0 0 0 0 0 0 0 0 0 0 0 0 0 0 
5 7 9 0 0 0 0 0 0 0 0 0 0 0 0 0 0 0 0 0 0 0 0 0 0 0 0 0 0 0 0 0 0 0 0 0 0 0 0 
6 8 10 12 0 0 0 0 0 0 0 0 0 0 0 0 0 0 0 0 0 0 0 0 0 0 0 0 0 0 0 0 0 0 0 0 0 0 0 
7 9 12 14 16 0 0 0 0 0 0 0 0 0 0 0 0 0 0 0 0 0 0 0 0 0 0 0 0 0 0 0 0 0 0 0 0 0 0 
8 10 13 15 18 21 0 0 0 0 0 0 0 0 0 0 0 0 0 0 0 0 0 0 0 0 0 0 0 0 0 0 0 0 0 0 0 0 0 
9 11 14 17 19 22 24 0 0 0 0 0 0 0 0 0 0 0 0 0 0 0 0 0 0 0 0 0 0 0 0 0 0 0 0 0 0 0 0 
10 12 15 18 21 24 26 29 0 0 0 0 0 0 0 0 0 0 0 0 0 0 0 0 0 0 0 0 0 0 0 0 0 0 0 0 0 0 0 
11 13 16 20 22 25 28 31 34 0 0 0 0 0 0 0 0 0 0 0 0 0 0 0 0 0 0 0 0 0 0 0 0 0 0 0 0 0 0 
12 14 17 21 24 27 30 33 36 39 0 0 0 0 0 0 0 0 0 0 0 0 0 0 0 0 0 0 0 0 0 0 0 0 0 0 0 0 0 
13 15 18 22 25 28 31 34 39 42 45 0 0 0 0 0 0 0 0 0 0 0 0 0 0 0 0 0 0 0 0 0 0 0 0 0 0 0 0 
14 16 19 23 27 30 33 37 40 43 48 52 0 0 0 0 0 0 0 0 0 0 0 0 0 0 0 0 0 0 0 0 0 0 0 0 0 0 0 
15 17 20 24 28 31 34 39 42 45 49 53 55 0 0 0 0 0 0 0 0 0 0 0 0 0 0 0 0 0 0 0 0 0 0 0 0 0 0 
16 18 21 25 30 33 36 40 44 47 51 54 57 60 0 0 0 0 0 0 0 0 0 0 0 0 0 0 0 0 0 0 0 0 0 0 0 0 0 
17 19 22 26 30 34 38 42 45 50 53 56 60 64 67 0 0 0 0 0 0 0 0 0 0 0 0 0 0 0 0 0 0 0 0 0 0 0 0 
18 20 23 27 32 36 39 43 47 51 55 57 61 67 70 73 0 0 0 0 0 0 0 0 0 0 0 0 0 0 0 0 0 0 0 0 0 0 0 
19 21 24 28 33 36 41 44 49 53 56 61 64 69 73 77 81 0 0 0 0 0 0 0 0 0 0 0 0 0 0 0 0 0 0 0 0 0 0 
20 22 25 29 34 38 42 46 50 55 58 64 67 69 74 80 84 88 0 0 0 0 0 0 0 0 0 0 0 0 0 0 0 0 0 0 0 0 0 
21 23 26 30 35 40 44 48 51 56 61 65 69 71 76 81 88 92 96 0 0 0 0 0 0 0 0 0 0 0 0 0 0 0 0 0 0 0 0 
22 24 27 31 36 42 45 49 53 58 62 67 71 73 77 83 90 95 100 105 0 0 0 0 0 0 0 0 0 0 0 0 0 0 0 0 0 0 0 
23 25 28 32 37 42 47 51 55 59 64 68 73 77 81 85 91 96 101 106 108 0 0 0 0 0 0 0 0 0 0 0 0 0 0 0 0 0 0 
24 26 29 33 38 43 48 52 56 61 66 70 73 78 82 87 93 97 103 108 110 113 0 0 0 0 0 0 0 0 0 0 0 0 0 0 0 0 0 
25 27 30 34 39 45 49 54 58 62 67 71 76 80 83 87 94 99 105 110 112 115 120 0 0 0 0 0 0 0 0 0 0 0 0 0 0 0 0 
26 28 31 35 40 46 50 55 60 64 69 73 78 80 88 91 94 100 107 111 114 118 122 125 0 0 0 0 0 0 0 0 0 0 0 0 0 0 0 
27 29 32 36 41 47 52 57 61 66 71 75 81 85 89 94 98 101 104 108 114 120 125 128 133 0 0 0 0 0 0 0 0 0 0 0 0 0 0 
28 30 33 36 42 48 54 58 63 67 72 78 81 87 91 93 99 102 107 115 117 122 128 131 136 130 0 0 0 0 0 0 0 0 0 0 0 0 0 
29 31 34 38 43 49 56 59 64 69 74 79 84 89 93 95 99 105 111 116 122 123 127 131 140 144 148 0 0 0 0 0 0 0 0 0 0 0 0 
30 32 35 39 44 50 55 61 65 70 75 81 86 90 96 100 102 108 113 120 124 120 130 136 143 148 151 155 0 0 0 0 0 0 0 0 0 0 0 
31 33 36 40 45 50 57 62 67 72 77 83 87 93 97 101 107 110 117 122 126 130 133 138 147 151 147 146 154 0 0 0 0 0 0 0 0 0 0 
32 34 37 41 46 52 58 63 69 73 78 85 88 94 100 105 109 112 117 124 127 133 138 143 148 151 158 162 162 169 0 0 0 0 0 0 0 0 0 
33 35 38 42 47 53 60 65 70 75 80 85 91 95 100 107 108 114 120 126 131 136 135 140 152 157 162 166 171 175 179 0 0 0 0 0 0 0 0 
34 36 39 43 48 54 59 66 71 77 81 87 93 98 103 109 111 116 122 128 133 137 143 148 152 160 165 170 174 179 187 192 0 0 0 0 0 0 0 
35 37 40 44 49 55 62 68 73 78 83 90 94 100 106 111 115 118 124 128 135 140 145 152 158 161 168 173 176 184 189 193 197 0 0 0 0 0 0 
36 38 41 45 50 56 63 69 74 79 85 90 95 101 108 113 118 119 127 132 135 142 148 153 160 164 172 177 182 188 193 198 202 206 0 0 0 0 0 
37 39 42 46 51 57 64 70 76 81 87 91 98 103 108 115 120 124 130 134 140 144 149 150 154 166 175 180 185 190 196 200 204 209 213 0 0 0 0 
38 40 43 47 52 58 64 71 77 83 88 93 99 105 112 117 123 124 129 137 143 145 153 158 155 164 174 182 187 181 193 203 207 213 217 222 0 0 0 
39 41 44 48 53 59 66 73 79 84 89 93 100 106 113 120 125 126 132 137 142 151 156 162 167 167 173 182 187 195 200 206 211 216 220 224 221 0 0 
40 42 45 49 54 60 67 74 81 86 91 97 102 108 115 119 128 133 138 143 143 152 158 164 167 166 174 185 188 196 197 203 212 218 223 228 231 237 0 
41 43 46 50 54 61 68 75 82 87 92 98 104 110 115 123 128 135 138 145 151 156 160 166 165 173 178 186 192 199 202 199 201 221 226 232 236 240 237 
