3 0 0 0 0 0 0 0 0 0 0 0 0 0 0 0 0 0 0 0 0 0 0 0 0 0 0 0 0 0 0 0 0 0 0 0 0 0 0 
4 6 0 0 0 0 0 0 0 0 0 0 0 0 0 0 0 0 0 0 0 0 0 0 0 0 0 0 0 0 0 0 0 0 0 0 0 0 0 
5 7 9 0 0 0 0 0 0 0 0 0 0 0 0 0 0 0 0 0 0 0 0 0 0 0 0 0 0 0 0 0 0 0 0 0 0 0 0 
6 8 10 12 0 0 0 0 0 0 0 0 0 0 0 0 0 0 0 0 0 0 0 0 0 0 0 0 0 0 0 0 0 0 0 0 0 0 0 
7 9 12 14 16 0 0 0 0 0 0 0 0 0 0 0 0 0 0 0 0 0 0 0 0 0 0 0 0 0 0 0 0 0 0 0 0 0 0 
8 10 13 15 18 21 0 0 0 0 0 0 0 0 0 0 0 0 0 0 0 0 0 0 0 0 0 0 0 0 0 0 0 0 0 0 0 0 0 
9 11 14 17 19 22 24 0 0 0 0 0 0 0 0 0 0 0 0 0 0 0 0 0 0 0 0 0 0 0 0 0 0 0 0 0 0 0 0 
10 12 15 18 21 24 26 28 0 0 0 0 0 0 0 0 0 0 0 0 0 0 0 0 0 0 0 0 0 0 0 0 0 0 0 0 0 0 0 
11 13 16 20 22 25 28 31 34 0 0 0 0 0 0 0 0 0 0 0 0 0 0 0 0 0 0 0 0 0 0 0 0 0 0 0 0 0 0 
12 14 17 21 24 27 29 33 36 39 0 0 0 0 0 0 0 0 0 0 0 0 0 0 0 0 0 0 0 0 0 0 0 0 0 0 0 0 0 
13 15 18 22 25 28 31 36 39 42 45 0 0 0 0 0 0 0 0 0 0 0 0 0 0 0 0 0 0 0 0 0 0 0 0 0 0 0 0 
14 16 19 23 27 30 33 37 40 43 48 52 0 0 0 0 0 0 0 0 0 0 0 0 0 0 0 0 0 0 0 0 0 0 0 0 0 0 0 
15 17 20 24 28 31 35 38 42 45 49 53 55 0 0 0 0 0 0 0 0 0 0 0 0 0 0 0 0 0 0 0 0 0 0 0 0 0 0 
16 18 21 25 30 33 36 40 44 47 51 55 57 60 0 0 0 0 0 0 0 0 0 0 0 0 0 0 0 0 0 0 0 0 0 0 0 0 0 
17 19 22 26 30 34 38 41 45 50 53 56 60 64 67 0 0 0 0 0 0 0 0 0 0 0 0 0 0 0 0 0 0 0 0 0 0 0 0 
18 20 23 27 31 35 39 43 46 51 54 57 61 65 69 72 0 0 0 0 0 0 0 0 0 0 0 0 0 0 0 0 0 0 0 0 0 0 0 
19 21 24 28 33 37 41 45 49 52 57 61 63 69 73 77 81 0 0 0 0 0 0 0 0 0 0 0 0 0 0 0 0 0 0 0 0 0 0 
20 22 25 29 34 39 42 46 50 55 59 62 65 69 73 80 84 88 0 0 0 0 0 0 0 0 0 0 0 0 0 0 0 0 0 0 0 0 0 
21 23 26 30 35 40 44 48 52 56 61 65 69 72 75 81 88 92 96 0 0 0 0 0 0 0 0 0 0 0 0 0 0 0 0 0 0 0 0 
22 24 27 31 36 42 45 49 54 59 63 67 71 73 78 83 90 95 100 105 0 0 0 0 0 0 0 0 0 0 0 0 0 0 0 0 0 0 0 
23 25 28 32 37 42 47 51 55 59 64 68 72 75 80 86 91 95 101 106 108 0 0 0 0 0 0 0 0 0 0 0 0 0 0 0 0 0 0 
24 26 29 33 38 43 48 52 56 61 65 70 74 78 81 86 91 97 103 108 110 113 0 0 0 0 0 0 0 0 0 0 0 0 0 0 0 0 0 
25 27 30 34 39 45 50 53 58 63 67 71 76 80 83 87 94 98 105 110 112 115 118 0 0 0 0 0 0 0 0 0 0 0 0 0 0 0 0 
26 28 31 35 40 46 51 55 59 63 69 73 77 83 88 92 94 99 105 111 115 118 121 124 0 0 0 0 0 0 0 0 0 0 0 0 0 0 0 
27 29 32 36 41 46 52 57 61 65 71 76 81 85 86 91 97 102 106 106 114 120 125 128 130 0 0 0 0 0 0 0 0 0 0 0 0 0 0 
28 30 33 37 42 48 54 58 62 67 72 77 82 87 91 95 100 103 107 115 116 121 126 128 134 131 0 0 0 0 0 0 0 0 0 0 0 0 0 
29 31 34 38 43 49 55 59 64 69 74 79 84 89 94 95 101 106 111 116 121 123 126 129 137 141 145 0 0 0 0 0 0 0 0 0 0 0 0 
30 32 35 39 44 50 55 61 65 70 76 81 86 91 96 100 101 108 115 120 124 125 130 134 141 145 146 148 0 0 0 0 0 0 0 0 0 0 0 
31 33 36 40 45 50 57 62 67 72 76 82 87 92 97 100 106 110 115 120 123 129 134 139 145 149 144 145 148 0 0 0 0 0 0 0 0 0 0 
32 34 37 41 46 52 59 63 69 73 79 84 89 95 100 105 108 112 117 122 127 131 137 141 148 153 158 162 163 169 0 0 0 0 0 0 0 0 0 
33 35 38 42 47 53 60 65 70 75 79 86 91 96 98 107 109 114 119 125 130 135 136 141 152 157 162 167 171 175 179 0 0 0 0 0 0 0 0 
34 36 39 43 48 54 60 67 71 77 82 86 92 98 104 109 109 116 122 127 133 137 143 148 155 160 165 170 175 179 183 187 0 0 0 0 0 0 0 
35 37 40 44 49 55 62 68 73 78 83 89 95 101 106 111 114 117 122 127 133 140 146 151 158 163 168 173 176 182 186 190 194 0 0 0 0 0 0 
36 38 41 45 50 56 63 69 75 80 85 89 96 102 108 113 118 119 125 130 133 141 147 150 160 166 172 177 182 187 191 196 200 204 0 0 0 0 0 
37 39 42 46 50 57 64 70 75 81 86 91 97 104 108 115 119 124 129 135 140 145 150 149 152 163 170 174 179 183 184 184 195 203 208 0 0 0 0 
38 40 43 47 52 58 64 71 77 83 88 93 99 104 111 118 122 124 129 137 142 148 153 159 158 163 172 178 183 174 183 192 196 201 209 213 0 0 0 
39 41 44 48 53 59 66 73 78 84 89 94 101 107 114 120 125 127 133 136 142 149 154 160 164 163 167 174 179 189 192 195 203 205 208 208 209 0 0 
40 42 45 49 54 60 67 75 80 85 91 96 102 108 115 120 127 132 137 142 143 152 158 164 167 168 174 184 186 191 189 192 202 198 209 218 224 227 0 
41 43 46 50 55 61 68 75 81 87 92 99 105 110 114 122 126 133 136 141 147 154 159 164 167 173 178 186 191 195 200 195 200 209 214 221 229 221 222 
