3 0 0 0 0 0 0 0 0 0 0 0 0 0 0 0 0 0 0 0 0 0 0 0 0 0 0 0 0 0 0 0 0 0 0 0 0 0 0 
4 6 0 0 0 0 0 0 0 0 0 0 0 0 0 0 0 0 0 0 0 0 0 0 0 0 0 0 0 0 0 0 0 0 0 0 0 0 0 
5 7 9 0 0 0 0 0 0 0 0 0 0 0 0 0 0 0 0 0 0 0 0 0 0 0 0 0 0 0 0 0 0 0 0 0 0 0 0 
6 8 10 12 0 0 0 0 0 0 0 0 0 0 0 0 0 0 0 0 0 0 0 0 0 0 0 0 0 0 0 0 0 0 0 0 0 0 0 
7 9 12 14 16 0 0 0 0 0 0 0 0 0 0 0 0 0 0 0 0 0 0 0 0 0 0 0 0 0 0 0 0 0 0 0 0 0 0 
8 10 13 15 18 21 0 0 0 0 0 0 0 0 0 0 0 0 0 0 0 0 0 0 0 0 0 0 0 0 0 0 0 0 0 0 0 0 0 
9 11 14 17 19 22 24 0 0 0 0 0 0 0 0 0 0 0 0 0 0 0 0 0 0 0 0 0 0 0 0 0 0 0 0 0 0 0 0 
10 12 15 18 21 24 26 28 0 0 0 0 0 0 0 0 0 0 0 0 0 0 0 0 0 0 0 0 0 0 0 0 0 0 0 0 0 0 0 
11 13 16 20 22 25 28 31 34 0 0 0 0 0 0 0 0 0 0 0 0 0 0 0 0 0 0 0 0 0 0 0 0 0 0 0 0 0 0 
12 14 17 21 24 27 30 33 36 39 0 0 0 0 0 0 0 0 0 0 0 0 0 0 0 0 0 0 0 0 0 0 0 0 0 0 0 0 0 
13 15 18 22 25 28 31 36 39 42 45 0 0 0 0 0 0 0 0 0 0 0 0 0 0 0 0 0 0 0 0 0 0 0 0 0 0 0 0 
14 16 19 23 27 30 33 36 40 44 48 52 0 0 0 0 0 0 0 0 0 0 0 0 0 0 0 0 0 0 0 0 0 0 0 0 0 0 0 
15 17 20 24 28 31 34 39 42 45 49 53 56 0 0 0 0 0 0 0 0 0 0 0 0 0 0 0 0 0 0 0 0 0 0 0 0 0 0 
16 18 21 25 30 33 36 40 44 47 50 55 57 61 0 0 0 0 0 0 0 0 0 0 0 0 0 0 0 0 0 0 0 0 0 0 0 0 0 
17 19 22 26 30 34 37 42 45 50 53 56 59 64 67 0 0 0 0 0 0 0 0 0 0 0 0 0 0 0 0 0 0 0 0 0 0 0 0 
18 20 23 27 31 36 39 43 47 51 55 58 63 67 70 73 0 0 0 0 0 0 0 0 0 0 0 0 0 0 0 0 0 0 0 0 0 0 0 
19 21 24 28 33 37 41 45 49 52 57 61 63 69 73 77 81 0 0 0 0 0 0 0 0 0 0 0 0 0 0 0 0 0 0 0 0 0 0 
20 22 25 29 34 38 42 46 50 55 59 62 68 72 76 80 84 88 0 0 0 0 0 0 0 0 0 0 0 0 0 0 0 0 0 0 0 0 0 
21 23 26 30 35 40 44 48 52 56 61 65 69 73 79 84 88 92 96 0 0 0 0 0 0 0 0 0 0 0 0 0 0 0 0 0 0 0 0 
22 24 27 31 36 41 45 49 54 58 63 66 71 77 81 85 90 95 100 105 0 0 0 0 0 0 0 0 0 0 0 0 0 0 0 0 0 0 0 
23 25 28 32 37 41 47 51 55 60 64 69 73 77 82 87 91 95 101 106 108 0 0 0 0 0 0 0 0 0 0 0 0 0 0 0 0 0 0 
24 26 29 33 38 43 48 52 56 61 66 70 75 79 81 88 93 98 103 108 110 113 0 0 0 0 0 0 0 0 0 0 0 0 0 0 0 0 0 
25 27 30 34 39 45 50 54 58 62 67 73 77 81 83 89 93 99 105 110 112 115 119 0 0 0 0 0 0 0 0 0 0 0 0 0 0 0 0 
26 28 31 35 40 46 51 55 59 64 69 73 79 82 88 92 92 101 106 112 116 121 125 129 0 0 0 0 0 0 0 0 0 0 0 0 0 0 0 
27 29 32 36 41 47 52 57 61 65 70 75 80 86 89 95 99 102 108 113 120 125 129 133 137 0 0 0 0 0 0 0 0 0 0 0 0 0 0 
28 30 33 36 42 47 54 58 62 67 73 78 82 88 92 94 100 107 113 118 123 128 133 138 142 146 0 0 0 0 0 0 0 0 0 0 0 0 0 
29 31 34 38 43 49 55 60 64 69 74 80 85 90 94 94 99 108 116 121 126 131 136 141 146 151 156 0 0 0 0 0 0 0 0 0 0 0 0 
30 32 35 39 44 50 55 61 66 71 75 81 87 91 97 101 104 110 119 125 130 135 140 145 150 155 160 165 0 0 0 0 0 0 0 0 0 0 0 
31 33 36 40 45 50 57 63 67 72 77 82 88 94 99 103 107 113 119 124 129 136 142 149 155 160 165 170 175 0 0 0 0 0 0 0 0 0 0 
32 34 37 41 46 52 59 64 69 73 79 84 89 94 100 106 109 112 119 125 132 138 143 150 156 161 168 174 180 186 0 0 0 0 0 0 0 0 0 
33 35 38 42 47 53 60 66 69 75 81 87 92 95 100 107 111 115 122 128 133 140 145 152 158 163 168 175 181 187 189 0 0 0 0 0 0 0 0 
34 36 39 43 48 54 60 67 71 77 82 88 92 98 104 109 111 116 124 128 134 142 147 154 160 165 170 177 183 189 191 193 0 0 0 0 0 0 0 
35 37 40 44 49 55 61 67 73 77 83 88 94 101 106 111 116 120 124 127 134 145 150 155 163 167 172 180 186 192 194 197 200 0 0 0 0 0 0 
36 38 41 44 50 56 63 69 75 79 85 91 96 102 109 114 119 119 127 132 135 145 151 157 164 170 175 182 187 193 195 199 203 206 0 0 0 0 0 
37 39 42 46 51 57 64 71 76 81 86 92 98 104 111 116 121 125 128 136 141 144 149 153 158 169 177 183 190 195 197 201 206 210 215 0 0 0 0 
38 40 43 47 52 58 64 71 77 83 88 93 99 105 113 118 123 124 129 136 143 147 154 160 159 165 176 185 191 193 200 205 207 212 218 222 0 0 0 
39 41 44 48 53 59 66 73 79 84 89 95 101 107 114 120 125 125 131 137 143 151 157 162 167 170 177 182 189 198 203 205 212 216 219 226 228 0 0 
40 42 45 49 54 60 67 74 80 85 91 96 102 109 115 121 127 133 138 143 143 155 159 165 168 166 176 187 192 197 204 209 213 218 223 229 235 238 0 
41 43 46 50 55 61 68 75 82 87 92 98 104 111 115 123 129 135 135 143 151 157 162 168 168 174 180 190 195 200 204 204 213 223 227 233 238 244 248 
