3 0 0 0 0 0 0 0 0 0 0 0 0 0 0 0 0 0 0 0 0 0 0 0 0 0 0 0 0 0 0 0 0 0 0 0 0 0 0 
4 6 0 0 0 0 0 0 0 0 0 0 0 0 0 0 0 0 0 0 0 0 0 0 0 0 0 0 0 0 0 0 0 0 0 0 0 0 0 
5 7 9 0 0 0 0 0 0 0 0 0 0 0 0 0 0 0 0 0 0 0 0 0 0 0 0 0 0 0 0 0 0 0 0 0 0 0 0 
6 8 10 12 0 0 0 0 0 0 0 0 0 0 0 0 0 0 0 0 0 0 0 0 0 0 0 0 0 0 0 0 0 0 0 0 0 0 0 
7 9 12 14 16 0 0 0 0 0 0 0 0 0 0 0 0 0 0 0 0 0 0 0 0 0 0 0 0 0 0 0 0 0 0 0 0 0 0 
8 10 13 15 18 21 0 0 0 0 0 0 0 0 0 0 0 0 0 0 0 0 0 0 0 0 0 0 0 0 0 0 0 0 0 0 0 0 0 
9 11 14 17 19 22 24 0 0 0 0 0 0 0 0 0 0 0 0 0 0 0 0 0 0 0 0 0 0 0 0 0 0 0 0 0 0 0 0 
10 12 15 18 21 24 26 29 0 0 0 0 0 0 0 0 0 0 0 0 0 0 0 0 0 0 0 0 0 0 0 0 0 0 0 0 0 0 0 
11 13 16 20 22 25 28 31 34 0 0 0 0 0 0 0 0 0 0 0 0 0 0 0 0 0 0 0 0 0 0 0 0 0 0 0 0 0 0 
12 14 17 20 24 27 30 33 36 39 0 0 0 0 0 0 0 0 0 0 0 0 0 0 0 0 0 0 0 0 0 0 0 0 0 0 0 0 0 
13 15 18 22 25 28 32 36 39 42 45 0 0 0 0 0 0 0 0 0 0 0 0 0 0 0 0 0 0 0 0 0 0 0 0 0 0 0 0 
14 16 19 23 27 30 33 36 40 44 48 52 0 0 0 0 0 0 0 0 0 0 0 0 0 0 0 0 0 0 0 0 0 0 0 0 0 0 0 
15 17 20 24 28 31 34 38 42 45 49 53 56 0 0 0 0 0 0 0 0 0 0 0 0 0 0 0 0 0 0 0 0 0 0 0 0 0 0 
16 18 21 25 30 33 36 40 44 47 50 55 57 60 0 0 0 0 0 0 0 0 0 0 0 0 0 0 0 0 0 0 0 0 0 0 0 0 0 
17 19 22 26 31 34 38 41 45 50 53 55 59 64 67 0 0 0 0 0 0 0 0 0 0 0 0 0 0 0 0 0 0 0 0 0 0 0 0 
18 20 23 27 31 36 39 43 47 51 55 57 60 67 70 73 0 0 0 0 0 0 0 0 0 0 0 0 0 0 0 0 0 0 0 0 0 0 0 
19 21 24 28 33 37 41 44 49 53 57 61 62 69 73 77 81 0 0 0 0 0 0 0 0 0 0 0 0 0 0 0 0 0 0 0 0 0 0 
20 22 25 29 34 38 42 46 51 55 58 63 65 71 76 80 84 88 0 0 0 0 0 0 0 0 0 0 0 0 0 0 0 0 0 0 0 0 0 
21 23 26 30 34 40 43 48 52 56 61 64 69 74 76 83 88 92 96 0 0 0 0 0 0 0 0 0 0 0 0 0 0 0 0 0 0 0 0 
22 24 27 31 36 41 45 49 54 58 63 66 71 75 79 85 90 95 100 105 0 0 0 0 0 0 0 0 0 0 0 0 0 0 0 0 0 0 0 
23 25 28 32 37 42 46 51 55 60 64 69 73 77 81 85 91 96 101 106 108 0 0 0 0 0 0 0 0 0 0 0 0 0 0 0 0 0 0 
24 26 29 33 38 44 48 52 56 61 65 70 75 78 83 88 92 97 102 108 110 113 0 0 0 0 0 0 0 0 0 0 0 0 0 0 0 0 0 
25 27 30 34 39 45 50 54 58 63 66 73 77 80 83 87 94 99 105 110 112 115 118 0 0 0 0 0 0 0 0 0 0 0 0 0 0 0 0 
26 28 31 35 40 46 51 55 60 64 69 74 78 82 88 92 96 102 107 112 117 121 125 129 0 0 0 0 0 0 0 0 0 0 0 0 0 0 0 
27 29 32 36 41 46 52 57 61 65 70 75 81 85 88 94 99 103 107 105 115 120 125 128 133 0 0 0 0 0 0 0 0 0 0 0 0 0 0 
28 30 33 37 42 48 54 58 63 67 72 78 81 88 92 94 99 102 108 115 113 121 128 132 135 130 0 0 0 0 0 0 0 0 0 0 0 0 0 
29 31 34 38 43 49 55 60 64 69 73 80 84 90 94 96 100 106 111 117 122 124 129 134 140 144 148 0 0 0 0 0 0 0 0 0 0 0 0 
30 32 35 39 44 50 56 61 66 71 74 81 87 91 96 99 102 108 113 120 124 122 130 138 144 148 152 156 0 0 0 0 0 0 0 0 0 0 0 
31 33 36 40 45 51 57 63 67 71 77 82 88 93 98 101 107 111 115 122 127 132 136 139 147 152 146 150 159 0 0 0 0 0 0 0 0 0 0 
32 34 37 41 46 52 59 64 69 74 79 84 89 94 100 105 110 111 117 125 129 130 137 143 150 155 159 163 164 168 0 0 0 0 0 0 0 0 0 
33 35 38 42 47 53 59 65 70 75 79 86 91 96 101 107 110 115 120 126 132 137 134 146 152 158 163 167 171 175 180 0 0 0 0 0 0 0 0 
34 36 39 43 48 54 60 66 72 77 81 87 93 99 104 109 111 117 123 129 134 139 143 149 153 160 165 170 174 175 186 192 0 0 0 0 0 0 0 
35 37 40 44 49 54 62 68 73 78 83 88 94 101 106 111 116 118 122 126 133 141 142 152 158 163 168 172 177 184 188 196 200 0 0 0 0 0 0 
36 38 41 45 50 56 63 69 74 80 85 90 95 102 108 113 118 119 126 132 134 141 147 155 160 165 172 177 182 186 193 198 203 207 0 0 0 0 0 
37 39 42 46 51 57 64 70 76 81 86 92 98 103 111 115 120 123 129 136 141 146 151 148 152 167 175 180 185 189 195 200 206 210 213 0 0 0 0 
38 40 43 47 52 58 64 71 77 83 88 93 99 105 113 118 120 124 132 136 143 147 153 159 155 164 177 182 187 189 194 203 206 213 217 221 0 0 0 
39 41 44 48 53 59 66 73 79 84 89 94 100 107 114 119 125 125 132 136 143 151 156 162 167 169 170 184 189 197 202 206 211 216 219 226 230 0 0 
40 42 45 49 54 60 67 74 80 85 91 97 101 108 115 121 127 133 138 143 145 155 160 165 170 168 176 187 191 198 201 208 212 218 223 229 235 239 0 
41 43 46 50 54 61 68 75 82 87 92 99 105 111 116 121 129 135 138 142 151 155 162 167 165 174 179 189 194 201 206 197 207 221 226 233 238 242 244 
