3 0 0 0 0 0 0 0 0 0 0 0 0 0 0 0 0 0 0 0 0 0 0 0 0 0 0 0 0 0 0 0 0 0 0 0 0 0 0 
4 6 0 0 0 0 0 0 0 0 0 0 0 0 0 0 0 0 0 0 0 0 0 0 0 0 0 0 0 0 0 0 0 0 0 0 0 0 0 
5 7 9 0 0 0 0 0 0 0 0 0 0 0 0 0 0 0 0 0 0 0 0 0 0 0 0 0 0 0 0 0 0 0 0 0 0 0 0 
6 8 10 12 0 0 0 0 0 0 0 0 0 0 0 0 0 0 0 0 0 0 0 0 0 0 0 0 0 0 0 0 0 0 0 0 0 0 0 
7 9 12 14 16 0 0 0 0 0 0 0 0 0 0 0 0 0 0 0 0 0 0 0 0 0 0 0 0 0 0 0 0 0 0 0 0 0 0 
8 10 13 15 18 21 0 0 0 0 0 0 0 0 0 0 0 0 0 0 0 0 0 0 0 0 0 0 0 0 0 0 0 0 0 0 0 0 0 
9 11 14 17 19 22 24 0 0 0 0 0 0 0 0 0 0 0 0 0 0 0 0 0 0 0 0 0 0 0 0 0 0 0 0 0 0 0 0 
10 12 15 18 21 24 26 28 0 0 0 0 0 0 0 0 0 0 0 0 0 0 0 0 0 0 0 0 0 0 0 0 0 0 0 0 0 0 0 
11 13 16 20 22 25 28 31 34 0 0 0 0 0 0 0 0 0 0 0 0 0 0 0 0 0 0 0 0 0 0 0 0 0 0 0 0 0 0 
12 14 17 20 24 27 30 33 36 39 0 0 0 0 0 0 0 0 0 0 0 0 0 0 0 0 0 0 0 0 0 0 0 0 0 0 0 0 0 
13 15 18 22 25 28 32 36 39 42 45 0 0 0 0 0 0 0 0 0 0 0 0 0 0 0 0 0 0 0 0 0 0 0 0 0 0 0 0 
14 16 19 23 27 30 33 36 40 44 48 52 0 0 0 0 0 0 0 0 0 0 0 0 0 0 0 0 0 0 0 0 0 0 0 0 0 0 0 
15 17 20 24 28 31 35 38 42 45 49 53 56 0 0 0 0 0 0 0 0 0 0 0 0 0 0 0 0 0 0 0 0 0 0 0 0 0 0 
16 18 21 25 30 33 36 39 43 47 51 54 57 61 0 0 0 0 0 0 0 0 0 0 0 0 0 0 0 0 0 0 0 0 0 0 0 0 0 
17 19 22 26 30 34 37 42 46 50 53 56 59 64 67 0 0 0 0 0 0 0 0 0 0 0 0 0 0 0 0 0 0 0 0 0 0 0 0 
18 20 23 27 32 36 39 43 47 50 53 57 61 66 70 73 0 0 0 0 0 0 0 0 0 0 0 0 0 0 0 0 0 0 0 0 0 0 0 
19 21 24 28 33 37 41 44 49 52 55 61 63 69 73 77 81 0 0 0 0 0 0 0 0 0 0 0 0 0 0 0 0 0 0 0 0 0 0 
20 22 25 29 34 38 42 46 50 55 58 63 66 72 76 80 84 88 0 0 0 0 0 0 0 0 0 0 0 0 0 0 0 0 0 0 0 0 0 
21 23 26 30 35 40 43 48 52 57 61 65 69 74 77 84 88 92 96 0 0 0 0 0 0 0 0 0 0 0 0 0 0 0 0 0 0 0 0 
22 24 27 31 36 42 45 49 54 58 63 66 71 75 80 84 90 95 100 105 0 0 0 0 0 0 0 0 0 0 0 0 0 0 0 0 0 0 0 
23 25 28 32 37 41 47 50 55 59 63 68 73 77 82 86 90 96 101 106 108 0 0 0 0 0 0 0 0 0 0 0 0 0 0 0 0 0 0 
24 26 29 32 38 43 48 52 56 60 65 71 75 78 83 88 92 98 103 108 110 113 0 0 0 0 0 0 0 0 0 0 0 0 0 0 0 0 0 
25 27 30 34 39 45 49 54 58 63 67 73 77 81 82 89 94 99 105 110 112 115 119 0 0 0 0 0 0 0 0 0 0 0 0 0 0 0 0 
26 28 31 35 40 46 50 55 59 65 69 74 78 83 87 92 93 101 106 112 116 121 125 129 0 0 0 0 0 0 0 0 0 0 0 0 0 0 0 
27 29 32 36 41 46 52 57 61 65 69 76 80 86 90 95 99 101 107 113 118 125 129 133 137 0 0 0 0 0 0 0 0 0 0 0 0 0 0 
28 30 33 37 42 48 53 58 63 67 72 78 81 88 92 95 100 108 113 118 123 128 133 138 142 146 0 0 0 0 0 0 0 0 0 0 0 0 0 
29 31 34 38 43 49 55 60 64 69 74 80 84 90 93 95 100 108 113 120 126 131 136 141 146 151 156 0 0 0 0 0 0 0 0 0 0 0 0 
30 32 35 39 44 50 55 61 65 71 75 82 87 92 96 102 102 107 114 120 126 134 140 145 150 155 160 165 0 0 0 0 0 0 0 0 0 0 0 
31 33 36 40 45 50 57 63 67 72 76 82 87 94 99 103 107 110 116 122 128 136 142 148 154 160 165 170 175 0 0 0 0 0 0 0 0 0 0 
32 34 37 41 46 52 59 64 69 73 78 83 88 95 100 106 111 114 119 125 129 137 144 150 156 162 168 174 180 186 0 0 0 0 0 0 0 0 0 
33 35 38 42 47 53 60 65 70 75 80 86 91 96 100 107 109 115 120 126 132 138 146 152 158 163 169 175 181 187 189 0 0 0 0 0 0 0 0 
34 36 39 43 48 54 59 66 71 76 82 87 93 97 104 109 110 116 124 128 134 139 145 153 159 165 170 177 183 189 191 194 0 0 0 0 0 0 0 
35 37 40 44 49 55 62 68 73 78 83 89 95 101 106 111 114 119 122 127 134 142 146 153 162 168 173 179 185 191 193 196 200 0 0 0 0 0 0 
36 38 41 45 50 56 63 69 75 79 85 89 95 101 109 114 119 119 127 132 134 141 149 155 163 166 174 182 188 193 195 199 203 207 0 0 0 0 0 
37 39 42 46 51 57 64 71 76 81 86 91 98 103 111 116 121 125 129 136 141 146 150 148 155 166 176 182 188 194 197 201 206 210 213 0 0 0 0 
38 40 43 47 52 58 64 70 77 82 88 93 99 104 113 118 122 126 131 138 143 149 155 159 157 164 177 184 190 192 200 204 206 212 217 221 0 0 0 
39 41 44 48 53 59 66 73 79 84 89 94 101 107 113 120 125 125 131 137 145 151 156 162 167 170 172 182 189 197 202 206 212 216 220 226 231 0 0 
40 42 45 49 54 60 67 74 80 85 91 97 103 109 116 122 127 133 137 143 146 155 160 165 170 168 176 187 187 198 204 208 213 216 223 229 235 239 0 
41 43 46 50 55 61 68 76 82 87 92 99 105 110 116 122 129 135 136 144 152 157 160 168 167 175 179 190 195 200 207 208 213 221 226 232 238 241 245 
