3 0 0 0 0 0 0 0 0 0 0 0 0 0 0 0 0 0 0 0 0 0 0 0 0 0 0 0 0 0 0 0 0 0 0 0 0 0 0 
4 6 0 0 0 0 0 0 0 0 0 0 0 0 0 0 0 0 0 0 0 0 0 0 0 0 0 0 0 0 0 0 0 0 0 0 0 0 0 
5 7 9 0 0 0 0 0 0 0 0 0 0 0 0 0 0 0 0 0 0 0 0 0 0 0 0 0 0 0 0 0 0 0 0 0 0 0 0 
6 8 10 12 0 0 0 0 0 0 0 0 0 0 0 0 0 0 0 0 0 0 0 0 0 0 0 0 0 0 0 0 0 0 0 0 0 0 0 
7 9 12 14 16 0 0 0 0 0 0 0 0 0 0 0 0 0 0 0 0 0 0 0 0 0 0 0 0 0 0 0 0 0 0 0 0 0 0 
8 10 13 15 18 21 0 0 0 0 0 0 0 0 0 0 0 0 0 0 0 0 0 0 0 0 0 0 0 0 0 0 0 0 0 0 0 0 0 
9 11 14 17 19 22 24 0 0 0 0 0 0 0 0 0 0 0 0 0 0 0 0 0 0 0 0 0 0 0 0 0 0 0 0 0 0 0 0 
10 12 15 18 21 24 26 28 0 0 0 0 0 0 0 0 0 0 0 0 0 0 0 0 0 0 0 0 0 0 0 0 0 0 0 0 0 0 0 
11 13 16 20 22 25 28 31 34 0 0 0 0 0 0 0 0 0 0 0 0 0 0 0 0 0 0 0 0 0 0 0 0 0 0 0 0 0 0 
12 14 17 21 24 27 30 33 36 39 0 0 0 0 0 0 0 0 0 0 0 0 0 0 0 0 0 0 0 0 0 0 0 0 0 0 0 0 0 
13 15 18 22 25 28 32 36 39 42 45 0 0 0 0 0 0 0 0 0 0 0 0 0 0 0 0 0 0 0 0 0 0 0 0 0 0 0 0 
14 16 19 23 27 30 33 37 40 44 48 52 0 0 0 0 0 0 0 0 0 0 0 0 0 0 0 0 0 0 0 0 0 0 0 0 0 0 0 
15 17 20 24 28 31 35 39 42 45 48 53 55 0 0 0 0 0 0 0 0 0 0 0 0 0 0 0 0 0 0 0 0 0 0 0 0 0 0 
16 18 21 25 30 33 36 40 44 47 51 55 57 60 0 0 0 0 0 0 0 0 0 0 0 0 0 0 0 0 0 0 0 0 0 0 0 0 0 
17 19 22 26 31 34 38 42 45 49 53 57 60 63 67 0 0 0 0 0 0 0 0 0 0 0 0 0 0 0 0 0 0 0 0 0 0 0 0 
18 20 23 27 32 36 39 43 47 51 54 58 63 66 70 74 0 0 0 0 0 0 0 0 0 0 0 0 0 0 0 0 0 0 0 0 0 0 0 
19 21 24 28 33 37 41 44 49 52 57 60 65 69 73 77 81 0 0 0 0 0 0 0 0 0 0 0 0 0 0 0 0 0 0 0 0 0 0 
20 22 25 29 34 38 42 46 50 54 59 63 65 72 76 80 84 88 0 0 0 0 0 0 0 0 0 0 0 0 0 0 0 0 0 0 0 0 0 
21 23 26 30 35 40 44 48 52 57 61 65 70 73 78 83 87 92 96 0 0 0 0 0 0 0 0 0 0 0 0 0 0 0 0 0 0 0 0 
22 24 27 31 36 41 45 49 54 59 62 66 72 74 80 85 90 95 100 105 0 0 0 0 0 0 0 0 0 0 0 0 0 0 0 0 0 0 0 
23 25 28 32 37 43 47 51 55 60 64 69 73 76 81 86 91 96 101 106 108 0 0 0 0 0 0 0 0 0 0 0 0 0 0 0 0 0 0 
24 26 29 33 38 44 48 52 57 61 66 71 75 78 84 88 93 98 103 108 110 113 0 0 0 0 0 0 0 0 0 0 0 0 0 0 0 0 0 
25 27 30 34 39 45 50 54 58 63 68 72 77 80 83 88 95 100 105 110 112 116 119 0 0 0 0 0 0 0 0 0 0 0 0 0 0 0 0 
26 28 31 35 40 46 51 55 60 64 69 74 78 82 87 92 95 101 107 111 114 117 122 125 0 0 0 0 0 0 0 0 0 0 0 0 0 0 0 
27 29 32 36 41 47 53 57 61 66 70 76 80 85 88 95 98 102 106 110 116 120 124 128 133 0 0 0 0 0 0 0 0 0 0 0 0 0 0 
28 30 33 37 42 48 54 58 62 67 73 78 83 86 91 94 100 102 110 114 112 122 127 132 136 132 0 0 0 0 0 0 0 0 0 0 0 0 0 
29 31 34 38 43 49 55 60 64 69 75 80 85 89 94 95 101 106 112 117 120 126 127 133 138 138 147 0 0 0 0 0 0 0 0 0 0 0 0 
30 32 35 39 44 50 57 61 65 71 76 82 87 90 96 98 103 109 113 119 124 125 132 139 143 148 147 155 0 0 0 0 0 0 0 0 0 0 0 
31 33 36 40 45 51 58 62 67 72 77 83 88 93 98 101 106 112 115 123 126 129 135 142 146 151 152 155 156 0 0 0 0 0 0 0 0 0 0 
32 34 37 41 46 52 59 64 69 73 79 85 89 95 99 104 110 112 120 125 126 131 137 145 150 154 156 159 155 168 0 0 0 0 0 0 0 0 0 
33 35 38 42 47 53 60 65 70 75 81 86 91 96 102 106 108 115 121 127 131 136 141 146 153 157 161 165 168 174 179 0 0 0 0 0 0 0 0 
34 36 39 43 48 54 61 67 72 76 82 87 93 98 104 109 110 119 124 129 133 139 144 150 154 160 165 170 174 179 184 192 0 0 0 0 0 0 0 
35 37 40 44 49 55 62 68 73 78 83 88 96 101 106 111 113 118 122 127 136 141 145 153 158 162 168 173 179 184 191 196 200 0 0 0 0 0 0 
36 38 41 45 50 56 63 70 74 80 85 91 96 103 107 113 116 121 127 132 135 143 148 155 160 164 171 176 182 187 193 199 203 207 0 0 0 0 0 
37 39 42 46 51 57 64 71 76 81 87 92 98 106 110 115 119 124 130 135 139 144 151 149 161 169 175 180 185 191 195 202 206 210 213 0 0 0 0 
38 40 43 47 52 58 65 72 77 83 88 93 99 108 112 117 121 125 132 136 142 148 154 154 156 171 177 182 188 190 199 204 207 213 217 221 0 0 0 
39 41 44 48 53 59 66 73 79 84 89 95 100 109 114 120 125 126 131 140 145 151 157 161 162 170 179 181 191 194 201 206 211 216 222 227 228 0 0 
40 42 45 49 54 60 67 74 80 85 91 97 102 111 115 122 127 129 136 142 149 153 159 165 167 170 182 185 192 198 203 208 214 218 225 231 233 236 0 
41 43 46 50 55 61 68 76 81 87 93 99 104 112 115 122 130 135 137 145 151 154 161 168 169 174 184 188 195 200 204 204 216 221 228 234 237 239 235 
