3 0 0 0 0 0 0 0 0 0 0 0 0 0 0 0 0 0 0 0 0 0 0 0 0 0 0 0 0 0 0 0 0 0 0 0 0 0 0 
4 6 0 0 0 0 0 0 0 0 0 0 0 0 0 0 0 0 0 0 0 0 0 0 0 0 0 0 0 0 0 0 0 0 0 0 0 0 0 
5 7 9 0 0 0 0 0 0 0 0 0 0 0 0 0 0 0 0 0 0 0 0 0 0 0 0 0 0 0 0 0 0 0 0 0 0 0 0 
6 8 10 12 0 0 0 0 0 0 0 0 0 0 0 0 0 0 0 0 0 0 0 0 0 0 0 0 0 0 0 0 0 0 0 0 0 0 0 
7 9 12 14 16 0 0 0 0 0 0 0 0 0 0 0 0 0 0 0 0 0 0 0 0 0 0 0 0 0 0 0 0 0 0 0 0 0 0 
8 10 13 15 18 21 0 0 0 0 0 0 0 0 0 0 0 0 0 0 0 0 0 0 0 0 0 0 0 0 0 0 0 0 0 0 0 0 0 
9 11 14 17 19 22 24 0 0 0 0 0 0 0 0 0 0 0 0 0 0 0 0 0 0 0 0 0 0 0 0 0 0 0 0 0 0 0 0 
10 12 15 18 21 24 26 29 0 0 0 0 0 0 0 0 0 0 0 0 0 0 0 0 0 0 0 0 0 0 0 0 0 0 0 0 0 0 0 
11 13 16 20 22 25 28 31 34 0 0 0 0 0 0 0 0 0 0 0 0 0 0 0 0 0 0 0 0 0 0 0 0 0 0 0 0 0 0 
12 14 17 21 24 26 29 32 36 39 0 0 0 0 0 0 0 0 0 0 0 0 0 0 0 0 0 0 0 0 0 0 0 0 0 0 0 0 0 
13 15 18 22 25 28 31 36 39 42 45 0 0 0 0 0 0 0 0 0 0 0 0 0 0 0 0 0 0 0 0 0 0 0 0 0 0 0 0 
14 16 19 23 27 30 33 37 40 44 48 52 0 0 0 0 0 0 0 0 0 0 0 0 0 0 0 0 0 0 0 0 0 0 0 0 0 0 0 
15 17 20 24 28 31 35 39 42 45 49 53 55 0 0 0 0 0 0 0 0 0 0 0 0 0 0 0 0 0 0 0 0 0 0 0 0 0 0 
16 18 21 25 30 33 36 40 44 47 51 54 57 60 0 0 0 0 0 0 0 0 0 0 0 0 0 0 0 0 0 0 0 0 0 0 0 0 0 
17 19 22 26 31 34 37 42 46 49 53 57 59 62 67 0 0 0 0 0 0 0 0 0 0 0 0 0 0 0 0 0 0 0 0 0 0 0 0 
18 20 23 27 32 35 39 43 47 51 54 58 63 67 70 74 0 0 0 0 0 0 0 0 0 0 0 0 0 0 0 0 0 0 0 0 0 0 0 
19 21 24 28 33 37 41 45 49 53 56 60 65 69 73 77 81 0 0 0 0 0 0 0 0 0 0 0 0 0 0 0 0 0 0 0 0 0 0 
20 22 25 29 34 38 42 46 50 55 59 63 64 70 76 80 84 88 0 0 0 0 0 0 0 0 0 0 0 0 0 0 0 0 0 0 0 0 0 
21 23 26 30 35 40 44 48 52 57 61 64 67 71 77 83 87 92 96 0 0 0 0 0 0 0 0 0 0 0 0 0 0 0 0 0 0 0 0 
22 24 27 31 36 42 45 49 54 59 62 67 71 72 79 85 90 95 100 105 0 0 0 0 0 0 0 0 0 0 0 0 0 0 0 0 0 0 0 
23 25 28 32 37 43 47 51 55 60 64 69 73 75 80 86 91 96 101 106 108 0 0 0 0 0 0 0 0 0 0 0 0 0 0 0 0 0 0 
24 26 29 33 38 44 48 52 57 61 66 70 75 77 82 88 93 97 103 108 110 113 0 0 0 0 0 0 0 0 0 0 0 0 0 0 0 0 0 
25 27 30 34 39 45 50 53 58 63 67 71 77 79 82 87 95 100 105 110 112 115 119 0 0 0 0 0 0 0 0 0 0 0 0 0 0 0 0 
26 28 31 35 40 46 51 55 59 64 69 73 78 82 87 92 96 102 107 111 114 117 122 125 0 0 0 0 0 0 0 0 0 0 0 0 0 0 0 
27 29 32 36 41 47 53 57 61 66 70 75 80 85 89 93 98 102 107 109 116 120 124 129 133 0 0 0 0 0 0 0 0 0 0 0 0 0 0 
28 30 33 37 42 48 54 58 63 67 73 78 83 87 92 94 99 103 110 114 112 124 128 132 136 131 0 0 0 0 0 0 0 0 0 0 0 0 0 
29 31 34 38 43 49 55 60 64 69 74 79 85 88 94 95 101 106 111 118 120 126 129 136 139 136 143 0 0 0 0 0 0 0 0 0 0 0 0 
30 32 35 39 44 50 56 61 66 71 76 81 87 90 96 98 102 108 112 120 123 124 131 139 141 145 148 149 0 0 0 0 0 0 0 0 0 0 0 
31 33 36 40 45 51 58 63 67 72 77 83 88 93 98 102 106 112 116 119 126 128 133 142 144 149 145 151 157 0 0 0 0 0 0 0 0 0 0 
32 34 37 41 46 52 59 64 69 74 79 85 88 95 100 104 109 112 119 123 129 132 135 143 148 152 151 156 154 170 0 0 0 0 0 0 0 0 0 
33 35 38 42 47 53 60 65 70 75 80 86 91 97 100 107 109 115 121 126 131 135 138 147 152 156 161 165 168 174 179 0 0 0 0 0 0 0 0 
34 36 39 43 48 54 61 67 71 77 82 88 92 97 104 109 110 117 124 128 133 138 142 150 155 160 165 170 174 181 183 187 0 0 0 0 0 0 0 
35 37 40 44 49 55 62 68 73 78 83 88 95 101 106 111 113 117 122 128 135 141 146 153 158 163 168 173 178 184 187 192 196 0 0 0 0 0 0 
36 38 41 45 50 56 63 69 74 79 85 91 96 103 107 113 116 120 125 131 136 143 149 155 158 164 171 176 181 188 191 196 201 205 0 0 0 0 0 
37 39 42 46 51 57 64 71 76 81 87 92 98 104 108 115 120 123 128 134 139 144 149 149 161 169 175 180 185 190 195 199 205 209 213 0 0 0 0 
38 40 43 47 52 58 65 72 77 82 88 93 99 105 112 117 122 126 129 138 143 147 153 154 157 170 177 181 188 185 198 202 208 212 217 221 0 0 0 
39 41 44 48 53 59 66 73 79 84 89 94 101 108 114 120 124 127 131 137 146 151 157 161 162 172 177 178 190 189 201 205 211 214 221 224 228 0 0 
40 42 45 49 54 60 67 75 80 85 91 96 102 110 115 122 127 130 136 139 146 153 159 163 166 167 180 182 191 194 201 207 214 214 224 228 233 237 0 
41 43 46 50 55 61 68 76 81 87 92 98 105 112 115 123 129 134 136 143 149 156 160 167 167 172 182 187 194 198 201 195 216 218 227 231 237 239 225 
