3 0 0 0 0 0 0 0 0 0 0 0 0 0 0 0 0 0 0 0 0 0 0 0 0 0 0 0 0 0 0 0 0 0 0 0 0 0 0 
4 6 0 0 0 0 0 0 0 0 0 0 0 0 0 0 0 0 0 0 0 0 0 0 0 0 0 0 0 0 0 0 0 0 0 0 0 0 0 
5 7 9 0 0 0 0 0 0 0 0 0 0 0 0 0 0 0 0 0 0 0 0 0 0 0 0 0 0 0 0 0 0 0 0 0 0 0 0 
6 8 10 12 0 0 0 0 0 0 0 0 0 0 0 0 0 0 0 0 0 0 0 0 0 0 0 0 0 0 0 0 0 0 0 0 0 0 0 
7 9 12 14 16 0 0 0 0 0 0 0 0 0 0 0 0 0 0 0 0 0 0 0 0 0 0 0 0 0 0 0 0 0 0 0 0 0 0 
8 10 13 15 18 21 0 0 0 0 0 0 0 0 0 0 0 0 0 0 0 0 0 0 0 0 0 0 0 0 0 0 0 0 0 0 0 0 0 
9 11 14 17 19 22 24 0 0 0 0 0 0 0 0 0 0 0 0 0 0 0 0 0 0 0 0 0 0 0 0 0 0 0 0 0 0 0 0 
10 12 15 18 21 24 26 29 0 0 0 0 0 0 0 0 0 0 0 0 0 0 0 0 0 0 0 0 0 0 0 0 0 0 0 0 0 0 0 
11 13 16 20 22 25 28 31 34 0 0 0 0 0 0 0 0 0 0 0 0 0 0 0 0 0 0 0 0 0 0 0 0 0 0 0 0 0 0 
12 14 17 21 24 27 29 32 36 39 0 0 0 0 0 0 0 0 0 0 0 0 0 0 0 0 0 0 0 0 0 0 0 0 0 0 0 0 0 
13 15 18 22 25 28 32 36 38 42 45 0 0 0 0 0 0 0 0 0 0 0 0 0 0 0 0 0 0 0 0 0 0 0 0 0 0 0 0 
14 16 19 23 27 29 33 37 40 44 48 52 0 0 0 0 0 0 0 0 0 0 0 0 0 0 0 0 0 0 0 0 0 0 0 0 0 0 0 
15 17 20 24 28 31 35 39 42 45 49 53 55 0 0 0 0 0 0 0 0 0 0 0 0 0 0 0 0 0 0 0 0 0 0 0 0 0 0 
16 18 21 25 30 33 36 40 44 47 51 55 58 61 0 0 0 0 0 0 0 0 0 0 0 0 0 0 0 0 0 0 0 0 0 0 0 0 0 
17 19 22 26 31 34 38 41 46 49 53 57 60 64 67 0 0 0 0 0 0 0 0 0 0 0 0 0 0 0 0 0 0 0 0 0 0 0 0 
18 20 23 27 32 36 39 43 47 51 54 59 62 67 70 74 0 0 0 0 0 0 0 0 0 0 0 0 0 0 0 0 0 0 0 0 0 0 0 
19 21 24 28 33 37 41 44 49 53 56 60 64 69 73 77 81 0 0 0 0 0 0 0 0 0 0 0 0 0 0 0 0 0 0 0 0 0 0 
20 22 25 29 34 38 42 46 50 55 59 63 65 71 76 80 84 88 0 0 0 0 0 0 0 0 0 0 0 0 0 0 0 0 0 0 0 0 0 
21 23 26 30 35 40 43 48 52 57 61 65 70 74 80 83 87 92 96 0 0 0 0 0 0 0 0 0 0 0 0 0 0 0 0 0 0 0 0 
22 24 27 31 36 42 45 49 53 58 63 67 72 72 81 85 90 95 100 105 0 0 0 0 0 0 0 0 0 0 0 0 0 0 0 0 0 0 0 
23 25 28 32 37 43 47 51 55 60 63 68 73 78 83 87 91 96 101 106 108 0 0 0 0 0 0 0 0 0 0 0 0 0 0 0 0 0 0 
24 26 29 33 38 44 48 52 57 61 66 71 74 79 84 88 93 97 103 108 110 113 0 0 0 0 0 0 0 0 0 0 0 0 0 0 0 0 0 
25 27 30 34 39 45 49 54 58 63 67 72 77 81 82 90 94 100 105 110 112 115 119 0 0 0 0 0 0 0 0 0 0 0 0 0 0 0 0 
26 28 31 35 40 46 51 55 60 64 68 74 78 83 86 91 95 102 106 112 114 117 122 129 0 0 0 0 0 0 0 0 0 0 0 0 0 0 0 
27 29 32 36 41 47 52 56 61 65 71 76 81 85 89 92 98 103 110 111 120 124 129 133 138 0 0 0 0 0 0 0 0 0 0 0 0 0 0 
28 30 33 37 42 48 54 58 63 67 73 78 81 88 91 94 101 102 112 117 123 128 132 137 142 147 0 0 0 0 0 0 0 0 0 0 0 0 0 
29 31 34 38 43 49 55 60 64 69 75 80 85 90 94 94 103 110 115 120 126 131 136 141 146 151 156 0 0 0 0 0 0 0 0 0 0 0 0 
30 32 35 39 44 50 57 61 65 71 75 82 86 92 96 98 105 112 116 122 128 134 140 144 150 155 160 165 0 0 0 0 0 0 0 0 0 0 0 
31 33 36 40 45 51 58 63 67 72 76 82 88 94 99 102 108 114 117 122 130 136 143 148 153 160 165 170 175 0 0 0 0 0 0 0 0 0 0 
32 34 37 41 46 52 59 64 69 73 78 85 88 95 101 105 110 114 119 125 132 138 144 150 156 162 168 174 180 186 0 0 0 0 0 0 0 0 0 
33 35 38 42 47 53 60 65 70 75 80 86 91 97 101 108 110 116 122 127 134 140 146 151 157 163 169 175 181 187 189 0 0 0 0 0 0 0 0 
34 36 39 43 48 54 61 67 72 77 82 87 94 99 104 110 111 118 124 128 136 141 148 155 160 165 171 177 183 189 191 194 0 0 0 0 0 0 0 
35 37 40 44 49 55 62 68 73 78 83 89 95 101 106 111 113 117 120 127 139 143 150 157 162 168 172 178 186 191 193 197 200 0 0 0 0 0 0 
36 38 41 45 50 56 63 70 74 80 85 91 95 102 108 113 119 119 126 131 139 145 151 158 164 168 176 182 188 193 195 199 203 207 0 0 0 0 0 
37 39 42 46 51 57 64 70 76 81 86 92 98 105 111 115 120 123 129 136 141 145 151 150 164 171 178 184 190 195 197 201 205 211 215 0 0 0 0 
38 40 43 47 52 58 65 72 77 82 88 93 100 108 113 118 123 126 131 138 143 147 154 153 159 172 178 185 192 194 199 204 208 214 217 221 0 0 0 
39 41 44 48 53 59 66 73 79 84 89 95 100 109 114 120 125 128 130 138 145 152 157 162 162 171 176 183 192 199 202 206 211 216 221 227 230 0 0 
40 42 45 49 54 60 67 75 81 85 91 97 103 111 115 122 127 131 136 143 146 154 160 165 170 168 182 187 191 202 203 207 215 218 225 231 235 238 0 
41 43 46 50 55 61 68 76 82 87 92 98 104 110 115 123 130 135 138 144 151 156 161 168 164 174 185 190 195 202 205 203 217 221 228 234 239 242 233 
