4 0 0 0 0 0 0 0 0 0 0 0 0 0 0 0 0 0 0 0 0 0 0 0 0 0 0 0 0 0 0 0 0 0 0 0 0 0 0 
6 9 0 0 0 0 0 0 0 0 0 0 0 0 0 0 0 0 0 0 0 0 0 0 0 0 0 0 0 0 0 0 0 0 0 0 0 0 0 
8 12 16 0 0 0 0 0 0 0 0 0 0 0 0 0 0 0 0 0 0 0 0 0 0 0 0 0 0 0 0 0 0 0 0 0 0 0 0 
10 15 20 25 0 0 0 0 0 0 0 0 0 0 0 0 0 0 0 0 0 0 0 0 0 0 0 0 0 0 0 0 0 0 0 0 0 0 0 
12 18 24 30 35 0 0 0 0 0 0 0 0 0 0 0 0 0 0 0 0 0 0 0 0 0 0 0 0 0 0 0 0 0 0 0 0 0 0 
14 21 28 35 40 46 0 0 0 0 0 0 0 0 0 0 0 0 0 0 0 0 0 0 0 0 0 0 0 0 0 0 0 0 0 0 0 0 0 
16 24 32 40 45 52 59 0 0 0 0 0 0 0 0 0 0 0 0 0 0 0 0 0 0 0 0 0 0 0 0 0 0 0 0 0 0 0 0 
18 27 36 45 50 58 66 74 0 0 0 0 0 0 0 0 0 0 0 0 0 0 0 0 0 0 0 0 0 0 0 0 0 0 0 0 0 0 0 
20 30 40 50 55 64 73 82 91 0 0 0 0 0 0 0 0 0 0 0 0 0 0 0 0 0 0 0 0 0 0 0 0 0 0 0 0 0 0 
22 33 44 55 60 70 80 90 100 110 0 0 0 0 0 0 0 0 0 0 0 0 0 0 0 0 0 0 0 0 0 0 0 0 0 0 0 0 0 
24 36 48 60 65 75 85 95 105 115 125 0 0 0 0 0 0 0 0 0 0 0 0 0 0 0 0 0 0 0 0 0 0 0 0 0 0 0 0 
26 39 52 65 70 81 92 102 112 122 132 141 0 0 0 0 0 0 0 0 0 0 0 0 0 0 0 0 0 0 0 0 0 0 0 0 0 0 0 
28 42 56 70 75 87 99 109 120 130 140 151 160 0 0 0 0 0 0 0 0 0 0 0 0 0 0 0 0 0 0 0 0 0 0 0 0 0 0 
30 45 60 75 80 93 106 116 127 138 149 160 170 182 0 0 0 0 0 0 0 0 0 0 0 0 0 0 0 0 0 0 0 0 0 0 0 0 0 
32 48 64 80 85 99 113 123 135 146 157 168 179 191 202 0 0 0 0 0 0 0 0 0 0 0 0 0 0 0 0 0 0 0 0 0 0 0 0 
34 51 68 85 90 105 120 130 142 155 166 178 189 201 213 223 0 0 0 0 0 0 0 0 0 0 0 0 0 0 0 0 0 0 0 0 0 0 0 
36 54 72 90 95 110 125 137 149 162 175 187 199 211 223 236 248 0 0 0 0 0 0 0 0 0 0 0 0 0 0 0 0 0 0 0 0 0 0 
38 57 76 95 100 116 131 144 157 170 183 196 208 222 233 246 258 271 0 0 0 0 0 0 0 0 0 0 0 0 0 0 0 0 0 0 0 0 0 
40 60 80 100 105 122 137 151 165 179 192 205 219 231 244 258 271 284 295 0 0 0 0 0 0 0 0 0 0 0 0 0 0 0 0 0 0 0 0 
42 63 84 105 110 128 143 158 173 186 200 213 228 241 254 269 282 294 308 321 0 0 0 0 0 0 0 0 0 0 0 0 0 0 0 0 0 0 0 
44 66 88 110 115 134 149 164 181 194 208 222 237 251 266 279 296 308 320 334 348 0 0 0 0 0 0 0 0 0 0 0 0 0 0 0 0 0 0 
46 69 92 115 120 140 155 172 188 202 217 232 247 261 277 291 305 320 333 347 361 374 0 0 0 0 0 0 0 0 0 0 0 0 0 0 0 0 0 
48 72 96 120 125 145 161 177 195 210 225 241 257 270 287 302 315 331 345 360 374 388 402 0 0 0 0 0 0 0 0 0 0 0 0 0 0 0 0 
50 75 100 125 130 151 167 185 203 217 234 250 265 281 297 312 326 342 358 373 387 402 417 432 0 0 0 0 0 0 0 0 0 0 0 0 0 0 0 
52 78 104 130 135 157 173 191 211 226 241 259 275 291 307 323 338 354 370 385 400 416 430 446 461 0 0 0 0 0 0 0 0 0 0 0 0 0 0 
54 81 108 135 140 163 179 198 219 233 251 268 284 302 317 332 349 364 383 398 414 428 446 461 477 492 0 0 0 0 0 0 0 0 0 0 0 0 0 
56 84 112 140 145 169 185 204 226 242 259 276 292 309 327 343 362 378 395 411 428 445 460 474 492 507 525 0 0 0 0 0 0 0 0 0 0 0 0 
58 87 116 145 150 175 191 211 233 248 267 284 303 319 337 355 371 389 406 423 440 457 473 489 505 522 539 555 0 0 0 0 0 0 0 0 0 0 0 
60 90 120 150 155 180 197 218 241 257 274 293 311 329 347 364 383 400 417 435 453 472 487 503 521 538 554 572 588 0 0 0 0 0 0 0 0 0 0 
0 0 0 0 0 0 0 0 0 0 0 0 0 0 0 0 0 0 0 0 0 0 0 0 0 0 0 0 0 0 0 0 0 0 0 0 0 0 0 
0 0 0 0 0 0 0 0 0 0 0 0 0 0 0 0 0 0 0 0 0 0 0 0 0 0 0 0 0 0 0 0 0 0 0 0 0 0 0 
0 0 0 0 0 0 0 0 0 0 0 0 0 0 0 0 0 0 0 0 0 0 0 0 0 0 0 0 0 0 0 0 0 0 0 0 0 0 0 
0 0 0 0 0 0 0 0 0 0 0 0 0 0 0 0 0 0 0 0 0 0 0 0 0 0 0 0 0 0 0 0 0 0 0 0 0 0 0 
0 0 0 0 0 0 0 0 0 0 0 0 0 0 0 0 0 0 0 0 0 0 0 0 0 0 0 0 0 0 0 0 0 0 0 0 0 0 0 
0 0 0 0 0 0 0 0 0 0 0 0 0 0 0 0 0 0 0 0 0 0 0 0 0 0 0 0 0 0 0 0 0 0 0 0 0 0 0 
0 0 0 0 0 0 0 0 0 0 0 0 0 0 0 0 0 0 0 0 0 0 0 0 0 0 0 0 0 0 0 0 0 0 0 0 0 0 0 
0 0 0 0 0 0 0 0 0 0 0 0 0 0 0 0 0 0 0 0 0 0 0 0 0 0 0 0 0 0 0 0 0 0 0 0 0 0 0 
0 0 0 0 0 0 0 0 0 0 0 0 0 0 0 0 0 0 0 0 0 0 0 0 0 0 0 0 0 0 0 0 0 0 0 0 0 0 0 
0 0 0 0 0 0 0 0 0 0 0 0 0 0 0 0 0 0 0 0 0 0 0 0 0 0 0 0 0 0 0 0 0 0 0 0 0 0 0 
