4 0 0 0 0 0 0 0 0 0 0 0 0 0 0 0 0 0 0 0 0 0 0 0 0 0 0 0 0 0 0 0 0 0 0 0 0 0 0 
6 9 0 0 0 0 0 0 0 0 0 0 0 0 0 0 0 0 0 0 0 0 0 0 0 0 0 0 0 0 0 0 0 0 0 0 0 0 0 
8 12 16 0 0 0 0 0 0 0 0 0 0 0 0 0 0 0 0 0 0 0 0 0 0 0 0 0 0 0 0 0 0 0 0 0 0 0 0 
10 15 20 25 0 0 0 0 0 0 0 0 0 0 0 0 0 0 0 0 0 0 0 0 0 0 0 0 0 0 0 0 0 0 0 0 0 0 0 
12 18 24 30 35 0 0 0 0 0 0 0 0 0 0 0 0 0 0 0 0 0 0 0 0 0 0 0 0 0 0 0 0 0 0 0 0 0 0 
14 21 28 35 40 46 0 0 0 0 0 0 0 0 0 0 0 0 0 0 0 0 0 0 0 0 0 0 0 0 0 0 0 0 0 0 0 0 0 
16 24 32 40 45 52 59 0 0 0 0 0 0 0 0 0 0 0 0 0 0 0 0 0 0 0 0 0 0 0 0 0 0 0 0 0 0 0 0 
18 27 36 45 50 58 66 74 0 0 0 0 0 0 0 0 0 0 0 0 0 0 0 0 0 0 0 0 0 0 0 0 0 0 0 0 0 0 0 
20 30 40 50 55 64 73 82 91 0 0 0 0 0 0 0 0 0 0 0 0 0 0 0 0 0 0 0 0 0 0 0 0 0 0 0 0 0 0 
22 33 44 55 60 70 80 90 100 110 0 0 0 0 0 0 0 0 0 0 0 0 0 0 0 0 0 0 0 0 0 0 0 0 0 0 0 0 0 
24 36 48 60 65 75 85 95 105 115 125 0 0 0 0 0 0 0 0 0 0 0 0 0 0 0 0 0 0 0 0 0 0 0 0 0 0 0 0 
26 39 52 65 70 81 92 102 112 122 132 142 0 0 0 0 0 0 0 0 0 0 0 0 0 0 0 0 0 0 0 0 0 0 0 0 0 0 0 
28 42 56 70 75 87 99 109 119 130 140 150 160 0 0 0 0 0 0 0 0 0 0 0 0 0 0 0 0 0 0 0 0 0 0 0 0 0 0 
30 45 60 75 80 93 106 116 127 138 149 160 170 180 0 0 0 0 0 0 0 0 0 0 0 0 0 0 0 0 0 0 0 0 0 0 0 0 0 
32 48 64 80 85 99 113 123 135 146 157 168 180 190 201 0 0 0 0 0 0 0 0 0 0 0 0 0 0 0 0 0 0 0 0 0 0 0 0 
34 51 68 85 90 105 120 130 142 154 166 177 189 200 213 224 0 0 0 0 0 0 0 0 0 0 0 0 0 0 0 0 0 0 0 0 0 0 0 
36 54 72 90 95 110 125 137 150 162 174 187 199 211 223 236 247 0 0 0 0 0 0 0 0 0 0 0 0 0 0 0 0 0 0 0 0 0 0 
38 57 76 95 100 116 131 144 157 170 182 196 209 220 233 247 258 272 0 0 0 0 0 0 0 0 0 0 0 0 0 0 0 0 0 0 0 0 0 
40 60 80 100 105 122 137 151 165 178 191 205 219 231 244 257 270 283 296 0 0 0 0 0 0 0 0 0 0 0 0 0 0 0 0 0 0 0 0 
42 63 84 105 110 128 143 157 172 187 199 214 228 241 255 267 281 295 309 321 0 0 0 0 0 0 0 0 0 0 0 0 0 0 0 0 0 0 0 
44 66 88 110 115 134 149 164 181 195 208 223 238 251 265 278 293 307 322 334 347 0 0 0 0 0 0 0 0 0 0 0 0 0 0 0 0 0 0 
46 69 92 115 120 140 155 172 188 202 216 231 246 262 276 290 304 318 333 348 362 375 0 0 0 0 0 0 0 0 0 0 0 0 0 0 0 0 0 
48 72 96 120 125 145 161 178 196 210 225 241 257 271 286 301 316 331 345 359 375 389 403 0 0 0 0 0 0 0 0 0 0 0 0 0 0 0 0 
50 75 100 125 130 151 167 185 202 218 234 251 264 280 296 312 327 341 357 372 386 402 417 432 0 0 0 0 0 0 0 0 0 0 0 0 0 0 0 
52 78 104 130 135 157 173 191 210 227 242 259 274 291 306 323 338 355 370 385 401 415 432 446 462 0 0 0 0 0 0 0 0 0 0 0 0 0 0 
54 81 108 135 140 163 179 198 218 235 250 268 283 300 316 333 350 365 384 398 413 430 447 461 476 491 0 0 0 0 0 0 0 0 0 0 0 0 0 
56 84 112 140 145 169 185 204 226 242 258 276 293 310 326 343 360 377 396 410 428 444 460 475 493 510 524 0 0 0 0 0 0 0 0 0 0 0 0 
58 87 116 145 150 175 191 211 233 249 266 285 302 319 337 354 373 389 407 423 440 457 474 489 506 522 539 555 0 0 0 0 0 0 0 0 0 0 0 
60 90 120 150 155 180 197 218 240 257 274 293 311 328 347 366 382 400 417 434 451 470 487 504 522 538 555 570 587 0 0 0 0 0 0 0 0 0 0 
0 0 0 0 0 0 0 0 0 0 0 0 0 0 0 0 0 0 0 0 0 0 0 0 0 0 0 0 0 0 0 0 0 0 0 0 0 0 0 
0 0 0 0 0 0 0 0 0 0 0 0 0 0 0 0 0 0 0 0 0 0 0 0 0 0 0 0 0 0 0 0 0 0 0 0 0 0 0 
0 0 0 0 0 0 0 0 0 0 0 0 0 0 0 0 0 0 0 0 0 0 0 0 0 0 0 0 0 0 0 0 0 0 0 0 0 0 0 
0 0 0 0 0 0 0 0 0 0 0 0 0 0 0 0 0 0 0 0 0 0 0 0 0 0 0 0 0 0 0 0 0 0 0 0 0 0 0 
0 0 0 0 0 0 0 0 0 0 0 0 0 0 0 0 0 0 0 0 0 0 0 0 0 0 0 0 0 0 0 0 0 0 0 0 0 0 0 
0 0 0 0 0 0 0 0 0 0 0 0 0 0 0 0 0 0 0 0 0 0 0 0 0 0 0 0 0 0 0 0 0 0 0 0 0 0 0 
0 0 0 0 0 0 0 0 0 0 0 0 0 0 0 0 0 0 0 0 0 0 0 0 0 0 0 0 0 0 0 0 0 0 0 0 0 0 0 
0 0 0 0 0 0 0 0 0 0 0 0 0 0 0 0 0 0 0 0 0 0 0 0 0 0 0 0 0 0 0 0 0 0 0 0 0 0 0 
0 0 0 0 0 0 0 0 0 0 0 0 0 0 0 0 0 0 0 0 0 0 0 0 0 0 0 0 0 0 0 0 0 0 0 0 0 0 0 
0 0 0 0 0 0 0 0 0 0 0 0 0 0 0 0 0 0 0 0 0 0 0 0 0 0 0 0 0 0 0 0 0 0 0 0 0 0 0 
