4 0 0 0 0 0 0 0 0 0 0 0 0 0 0 0 0 0 0 0 0 0 0 0 0 0 0 0 0 0 0 0 0 0 0 0 0 0 0 
6 9 0 0 0 0 0 0 0 0 0 0 0 0 0 0 0 0 0 0 0 0 0 0 0 0 0 0 0 0 0 0 0 0 0 0 0 0 0 
8 12 16 0 0 0 0 0 0 0 0 0 0 0 0 0 0 0 0 0 0 0 0 0 0 0 0 0 0 0 0 0 0 0 0 0 0 0 0 
10 15 20 25 0 0 0 0 0 0 0 0 0 0 0 0 0 0 0 0 0 0 0 0 0 0 0 0 0 0 0 0 0 0 0 0 0 0 0 
12 18 24 30 35 0 0 0 0 0 0 0 0 0 0 0 0 0 0 0 0 0 0 0 0 0 0 0 0 0 0 0 0 0 0 0 0 0 0 
14 21 28 35 40 46 0 0 0 0 0 0 0 0 0 0 0 0 0 0 0 0 0 0 0 0 0 0 0 0 0 0 0 0 0 0 0 0 0 
16 24 32 40 45 52 59 0 0 0 0 0 0 0 0 0 0 0 0 0 0 0 0 0 0 0 0 0 0 0 0 0 0 0 0 0 0 0 0 
18 27 36 45 50 58 66 74 0 0 0 0 0 0 0 0 0 0 0 0 0 0 0 0 0 0 0 0 0 0 0 0 0 0 0 0 0 0 0 
20 30 40 50 55 63 73 82 91 0 0 0 0 0 0 0 0 0 0 0 0 0 0 0 0 0 0 0 0 0 0 0 0 0 0 0 0 0 0 
22 33 44 55 60 70 80 90 100 110 0 0 0 0 0 0 0 0 0 0 0 0 0 0 0 0 0 0 0 0 0 0 0 0 0 0 0 0 0 
24 36 48 60 65 74 85 95 105 115 124 0 0 0 0 0 0 0 0 0 0 0 0 0 0 0 0 0 0 0 0 0 0 0 0 0 0 0 0 
26 39 52 65 70 80 92 102 112 122 132 142 0 0 0 0 0 0 0 0 0 0 0 0 0 0 0 0 0 0 0 0 0 0 0 0 0 0 0 
28 42 56 70 75 87 99 109 120 130 140 151 161 0 0 0 0 0 0 0 0 0 0 0 0 0 0 0 0 0 0 0 0 0 0 0 0 0 0 
30 45 60 75 80 92 106 116 127 138 149 159 170 180 0 0 0 0 0 0 0 0 0 0 0 0 0 0 0 0 0 0 0 0 0 0 0 0 0 
32 48 64 80 85 98 113 123 134 146 157 168 180 190 202 0 0 0 0 0 0 0 0 0 0 0 0 0 0 0 0 0 0 0 0 0 0 0 0 
34 51 68 85 90 104 120 130 142 154 165 177 189 201 213 224 0 0 0 0 0 0 0 0 0 0 0 0 0 0 0 0 0 0 0 0 0 0 0 
36 54 72 90 95 109 125 137 150 162 174 187 199 212 222 235 247 0 0 0 0 0 0 0 0 0 0 0 0 0 0 0 0 0 0 0 0 0 0 
38 57 76 95 100 116 131 144 157 170 183 195 209 220 234 247 259 271 0 0 0 0 0 0 0 0 0 0 0 0 0 0 0 0 0 0 0 0 0 
40 60 80 100 105 121 137 151 165 178 191 204 218 232 245 257 271 283 296 0 0 0 0 0 0 0 0 0 0 0 0 0 0 0 0 0 0 0 0 
42 63 84 105 110 127 143 157 172 186 200 214 227 241 255 268 282 294 309 321 0 0 0 0 0 0 0 0 0 0 0 0 0 0 0 0 0 0 0 
44 66 88 110 115 132 149 164 181 194 208 222 238 252 266 279 294 307 321 335 348 0 0 0 0 0 0 0 0 0 0 0 0 0 0 0 0 0 0 
46 69 92 115 120 139 155 170 188 202 217 231 247 262 275 291 305 319 333 348 361 375 0 0 0 0 0 0 0 0 0 0 0 0 0 0 0 0 0 
48 72 96 120 125 141 161 177 195 210 225 240 257 272 287 301 316 331 346 359 374 388 404 0 0 0 0 0 0 0 0 0 0 0 0 0 0 0 0 
50 75 100 125 130 150 167 184 203 218 233 250 266 281 296 312 328 341 358 373 386 402 418 432 0 0 0 0 0 0 0 0 0 0 0 0 0 0 0 
52 78 104 130 135 154 173 190 211 226 242 257 275 291 305 323 337 355 370 384 400 416 432 447 461 0 0 0 0 0 0 0 0 0 0 0 0 0 0 
54 81 108 135 140 163 179 197 217 232 250 268 284 300 317 333 349 367 382 398 414 430 446 461 477 490 0 0 0 0 0 0 0 0 0 0 0 0 0 
56 84 112 140 145 165 185 204 223 242 258 277 293 309 326 344 359 376 395 411 426 443 457 476 491 507 523 0 0 0 0 0 0 0 0 0 0 0 0 
58 87 116 145 150 172 190 211 233 249 266 284 303 319 338 355 371 389 405 423 439 455 474 488 507 523 539 555 0 0 0 0 0 0 0 0 0 0 0 
60 90 120 150 155 172 197 218 239 258 275 293 311 330 347 364 382 400 418 435 451 469 487 503 521 539 554 571 588 0 0 0 0 0 0 0 0 0 0 
0 0 0 0 0 0 0 0 0 0 0 0 0 0 0 0 0 0 0 0 0 0 0 0 0 0 0 0 0 0 0 0 0 0 0 0 0 0 0 
0 0 0 0 0 0 0 0 0 0 0 0 0 0 0 0 0 0 0 0 0 0 0 0 0 0 0 0 0 0 0 0 0 0 0 0 0 0 0 
0 0 0 0 0 0 0 0 0 0 0 0 0 0 0 0 0 0 0 0 0 0 0 0 0 0 0 0 0 0 0 0 0 0 0 0 0 0 0 
0 0 0 0 0 0 0 0 0 0 0 0 0 0 0 0 0 0 0 0 0 0 0 0 0 0 0 0 0 0 0 0 0 0 0 0 0 0 0 
0 0 0 0 0 0 0 0 0 0 0 0 0 0 0 0 0 0 0 0 0 0 0 0 0 0 0 0 0 0 0 0 0 0 0 0 0 0 0 
0 0 0 0 0 0 0 0 0 0 0 0 0 0 0 0 0 0 0 0 0 0 0 0 0 0 0 0 0 0 0 0 0 0 0 0 0 0 0 
0 0 0 0 0 0 0 0 0 0 0 0 0 0 0 0 0 0 0 0 0 0 0 0 0 0 0 0 0 0 0 0 0 0 0 0 0 0 0 
0 0 0 0 0 0 0 0 0 0 0 0 0 0 0 0 0 0 0 0 0 0 0 0 0 0 0 0 0 0 0 0 0 0 0 0 0 0 0 
0 0 0 0 0 0 0 0 0 0 0 0 0 0 0 0 0 0 0 0 0 0 0 0 0 0 0 0 0 0 0 0 0 0 0 0 0 0 0 
0 0 0 0 0 0 0 0 0 0 0 0 0 0 0 0 0 0 0 0 0 0 0 0 0 0 0 0 0 0 0 0 0 0 0 0 0 0 0 
