4 0 0 0 0 0 0 0 0 0 0 0 0 0 0 0 0 0 0 0 0 0 0 0 0 0 0 0 0 0 0 0 0 0 0 0 0 0 0 
6 9 0 0 0 0 0 0 0 0 0 0 0 0 0 0 0 0 0 0 0 0 0 0 0 0 0 0 0 0 0 0 0 0 0 0 0 0 0 
8 12 16 0 0 0 0 0 0 0 0 0 0 0 0 0 0 0 0 0 0 0 0 0 0 0 0 0 0 0 0 0 0 0 0 0 0 0 0 
10 15 20 25 0 0 0 0 0 0 0 0 0 0 0 0 0 0 0 0 0 0 0 0 0 0 0 0 0 0 0 0 0 0 0 0 0 0 0 
12 18 24 30 35 0 0 0 0 0 0 0 0 0 0 0 0 0 0 0 0 0 0 0 0 0 0 0 0 0 0 0 0 0 0 0 0 0 0 
14 21 28 35 40 46 0 0 0 0 0 0 0 0 0 0 0 0 0 0 0 0 0 0 0 0 0 0 0 0 0 0 0 0 0 0 0 0 0 
16 24 32 40 45 52 59 0 0 0 0 0 0 0 0 0 0 0 0 0 0 0 0 0 0 0 0 0 0 0 0 0 0 0 0 0 0 0 0 
18 27 36 45 50 58 66 74 0 0 0 0 0 0 0 0 0 0 0 0 0 0 0 0 0 0 0 0 0 0 0 0 0 0 0 0 0 0 0 
20 30 40 50 55 63 73 82 91 0 0 0 0 0 0 0 0 0 0 0 0 0 0 0 0 0 0 0 0 0 0 0 0 0 0 0 0 0 0 
22 33 44 55 60 69 80 90 100 110 0 0 0 0 0 0 0 0 0 0 0 0 0 0 0 0 0 0 0 0 0 0 0 0 0 0 0 0 0 
24 36 48 60 65 75 85 95 105 115 125 0 0 0 0 0 0 0 0 0 0 0 0 0 0 0 0 0 0 0 0 0 0 0 0 0 0 0 0 
26 39 52 65 70 81 92 102 112 122 132 142 0 0 0 0 0 0 0 0 0 0 0 0 0 0 0 0 0 0 0 0 0 0 0 0 0 0 0 
28 42 56 70 75 86 99 109 120 130 141 151 161 0 0 0 0 0 0 0 0 0 0 0 0 0 0 0 0 0 0 0 0 0 0 0 0 0 0 
30 45 60 75 80 92 106 116 127 138 148 159 170 181 0 0 0 0 0 0 0 0 0 0 0 0 0 0 0 0 0 0 0 0 0 0 0 0 0 
32 48 64 80 85 98 113 123 134 146 157 168 179 190 201 0 0 0 0 0 0 0 0 0 0 0 0 0 0 0 0 0 0 0 0 0 0 0 0 
34 51 68 85 90 104 120 130 142 154 165 177 189 201 213 224 0 0 0 0 0 0 0 0 0 0 0 0 0 0 0 0 0 0 0 0 0 0 0 
36 54 72 90 95 108 125 137 150 162 174 186 198 211 222 235 248 0 0 0 0 0 0 0 0 0 0 0 0 0 0 0 0 0 0 0 0 0 0 
38 57 76 95 100 115 131 144 157 170 183 196 208 221 234 246 258 271 0 0 0 0 0 0 0 0 0 0 0 0 0 0 0 0 0 0 0 0 0 
40 60 80 100 105 119 137 151 165 178 191 204 218 231 244 257 272 283 296 0 0 0 0 0 0 0 0 0 0 0 0 0 0 0 0 0 0 0 0 
42 63 84 105 110 127 143 157 173 186 200 213 228 241 255 269 283 294 308 322 0 0 0 0 0 0 0 0 0 0 0 0 0 0 0 0 0 0 0 
44 66 88 110 115 132 149 164 180 194 208 223 236 251 265 279 294 308 321 334 348 0 0 0 0 0 0 0 0 0 0 0 0 0 0 0 0 0 0 
46 69 92 115 120 139 155 170 188 201 217 232 247 260 277 291 304 318 332 346 360 375 0 0 0 0 0 0 0 0 0 0 0 0 0 0 0 0 0 
48 72 96 120 125 143 161 178 196 210 225 241 257 272 286 301 315 332 346 359 374 388 403 0 0 0 0 0 0 0 0 0 0 0 0 0 0 0 0 
50 75 100 125 130 151 167 184 202 218 233 250 264 280 295 313 327 342 358 373 388 402 416 432 0 0 0 0 0 0 0 0 0 0 0 0 0 0 0 
52 78 104 130 135 155 173 190 210 226 241 258 275 291 307 321 338 356 370 384 402 416 431 446 462 0 0 0 0 0 0 0 0 0 0 0 0 0 0 
54 81 108 135 140 162 178 197 217 233 250 268 283 301 317 334 349 366 383 398 414 431 445 462 475 492 0 0 0 0 0 0 0 0 0 0 0 0 0 
56 84 112 140 145 168 185 205 224 241 258 275 294 309 327 346 361 378 394 411 427 443 460 475 493 509 525 0 0 0 0 0 0 0 0 0 0 0 0 
58 87 116 145 150 173 190 211 233 249 266 283 302 321 337 355 370 388 407 423 440 457 472 489 506 523 540 555 0 0 0 0 0 0 0 0 0 0 0 
60 90 120 150 155 176 197 217 241 257 275 293 311 330 346 364 383 400 417 435 454 469 488 503 522 537 555 570 589 0 0 0 0 0 0 0 0 0 0 
0 0 0 0 0 0 0 0 0 0 0 0 0 0 0 0 0 0 0 0 0 0 0 0 0 0 0 0 0 0 0 0 0 0 0 0 0 0 0 
0 0 0 0 0 0 0 0 0 0 0 0 0 0 0 0 0 0 0 0 0 0 0 0 0 0 0 0 0 0 0 0 0 0 0 0 0 0 0 
0 0 0 0 0 0 0 0 0 0 0 0 0 0 0 0 0 0 0 0 0 0 0 0 0 0 0 0 0 0 0 0 0 0 0 0 0 0 0 
0 0 0 0 0 0 0 0 0 0 0 0 0 0 0 0 0 0 0 0 0 0 0 0 0 0 0 0 0 0 0 0 0 0 0 0 0 0 0 
0 0 0 0 0 0 0 0 0 0 0 0 0 0 0 0 0 0 0 0 0 0 0 0 0 0 0 0 0 0 0 0 0 0 0 0 0 0 0 
0 0 0 0 0 0 0 0 0 0 0 0 0 0 0 0 0 0 0 0 0 0 0 0 0 0 0 0 0 0 0 0 0 0 0 0 0 0 0 
0 0 0 0 0 0 0 0 0 0 0 0 0 0 0 0 0 0 0 0 0 0 0 0 0 0 0 0 0 0 0 0 0 0 0 0 0 0 0 
0 0 0 0 0 0 0 0 0 0 0 0 0 0 0 0 0 0 0 0 0 0 0 0 0 0 0 0 0 0 0 0 0 0 0 0 0 0 0 
0 0 0 0 0 0 0 0 0 0 0 0 0 0 0 0 0 0 0 0 0 0 0 0 0 0 0 0 0 0 0 0 0 0 0 0 0 0 0 
0 0 0 0 0 0 0 0 0 0 0 0 0 0 0 0 0 0 0 0 0 0 0 0 0 0 0 0 0 0 0 0 0 0 0 0 0 0 0 
