3 0 0 0 0 0 0 0 0 0 0 0 0 0 0 0 0 0 0 0 0 0 0 0 0 0 0 0 0 0 0 0 0 0 0 0 0 0 0 
4 6 0 0 0 0 0 0 0 0 0 0 0 0 0 0 0 0 0 0 0 0 0 0 0 0 0 0 0 0 0 0 0 0 0 0 0 0 0 
5 7 9 0 0 0 0 0 0 0 0 0 0 0 0 0 0 0 0 0 0 0 0 0 0 0 0 0 0 0 0 0 0 0 0 0 0 0 0 
6 8 10 12 0 0 0 0 0 0 0 0 0 0 0 0 0 0 0 0 0 0 0 0 0 0 0 0 0 0 0 0 0 0 0 0 0 0 0 
7 9 12 14 16 0 0 0 0 0 0 0 0 0 0 0 0 0 0 0 0 0 0 0 0 0 0 0 0 0 0 0 0 0 0 0 0 0 0 
8 10 13 15 18 21 0 0 0 0 0 0 0 0 0 0 0 0 0 0 0 0 0 0 0 0 0 0 0 0 0 0 0 0 0 0 0 0 0 
9 11 14 17 19 22 24 0 0 0 0 0 0 0 0 0 0 0 0 0 0 0 0 0 0 0 0 0 0 0 0 0 0 0 0 0 0 0 0 
10 12 15 18 21 24 26 29 0 0 0 0 0 0 0 0 0 0 0 0 0 0 0 0 0 0 0 0 0 0 0 0 0 0 0 0 0 0 0 
11 13 16 20 22 25 28 31 34 0 0 0 0 0 0 0 0 0 0 0 0 0 0 0 0 0 0 0 0 0 0 0 0 0 0 0 0 0 0 
12 14 17 21 24 27 30 33 36 39 0 0 0 0 0 0 0 0 0 0 0 0 0 0 0 0 0 0 0 0 0 0 0 0 0 0 0 0 0 
13 15 18 24 27 30 33 36 39 42 45 0 0 0 0 0 0 0 0 0 0 0 0 0 0 0 0 0 0 0 0 0 0 0 0 0 0 0 0 
14 16 21 25 31 33 37 40 42 45 48 52 0 0 0 0 0 0 0 0 0 0 0 0 0 0 0 0 0 0 0 0 0 0 0 0 0 0 0 
15 17 22 26 32 35 38 41 44 47 50 54 56 0 0 0 0 0 0 0 0 0 0 0 0 0 0 0 0 0 0 0 0 0 0 0 0 0 0 
16 18 23 29 33 36 39 43 47 50 53 56 59 62 0 0 0 0 0 0 0 0 0 0 0 0 0 0 0 0 0 0 0 0 0 0 0 0 0 
17 19 24 30 34 38 41 44 49 52 56 59 62 65 67 0 0 0 0 0 0 0 0 0 0 0 0 0 0 0 0 0 0 0 0 0 0 0 0 
18 20 25 31 35 39 43 46 51 54 58 62 65 68 71 75 0 0 0 0 0 0 0 0 0 0 0 0 0 0 0 0 0 0 0 0 0 0 0 
19 21 26 32 36 41 44 48 52 56 60 64 67 70 73 77 81 0 0 0 0 0 0 0 0 0 0 0 0 0 0 0 0 0 0 0 0 0 0 
20 22 27 33 38 42 46 50 54 58 62 66 70 73 76 81 84 88 0 0 0 0 0 0 0 0 0 0 0 0 0 0 0 0 0 0 0 0 0 
21 23 28 34 39 43 48 52 55 60 64 68 70 75 80 84 88 92 96 0 0 0 0 0 0 0 0 0 0 0 0 0 0 0 0 0 0 0 0 
22 24 29 35 40 44 49 53 57 62 67 70 73 77 81 86 90 95 100 105 0 0 0 0 0 0 0 0 0 0 0 0 0 0 0 0 0 0 0 
23 25 30 36 41 46 50 55 58 63 67 72 76 79 83 88 92 96 101 106 108 0 0 0 0 0 0 0 0 0 0 0 0 0 0 0 0 0 0 
24 26 31 37 42 47 52 56 60 65 69 74 78 81 85 91 95 99 103 108 110 115 0 0 0 0 0 0 0 0 0 0 0 0 0 0 0 0 0 
25 27 32 38 43 48 53 58 62 66 71 76 80 84 87 94 98 102 106 110 113 117 122 0 0 0 0 0 0 0 0 0 0 0 0 0 0 0 0 
26 28 33 39 44 49 55 59 63 68 73 78 82 86 90 95 99 103 108 112 117 121 126 130 0 0 0 0 0 0 0 0 0 0 0 0 0 0 0 
27 29 34 40 45 50 56 61 65 69 74 79 84 88 91 97 102 106 111 116 120 125 129 134 138 0 0 0 0 0 0 0 0 0 0 0 0 0 0 
28 30 35 41 46 52 57 62 66 71 76 81 85 90 94 99 105 109 113 118 123 128 133 138 142 147 0 0 0 0 0 0 0 0 0 0 0 0 0 
29 31 36 42 47 53 58 63 68 73 78 83 87 92 96 102 109 113 117 121 126 131 136 141 146 151 156 0 0 0 0 0 0 0 0 0 0 0 0 
30 32 37 43 48 54 59 64 69 74 80 85 89 94 99 105 111 116 120 125 130 135 140 145 150 155 160 165 0 0 0 0 0 0 0 0 0 0 0 
31 33 38 44 49 55 60 66 70 76 81 86 91 95 100 107 113 118 123 128 133 138 144 150 155 160 165 170 175 0 0 0 0 0 0 0 0 0 0 
32 34 39 45 50 56 61 67 72 77 82 88 93 98 103 109 115 120 126 130 136 141 145 151 156 162 168 174 180 186 0 0 0 0 0 0 0 0 0 
33 35 40 46 51 57 63 68 73 79 84 90 95 100 105 111 116 122 127 132 138 143 147 153 158 163 169 175 181 187 189 0 0 0 0 0 0 0 0 
34 36 41 47 52 58 64 70 74 80 86 91 96 101 107 114 119 124 129 134 140 145 150 155 161 166 171 177 183 189 191 194 0 0 0 0 0 0 0 
35 37 42 48 53 59 65 71 76 81 87 93 98 103 109 116 122 127 132 136 142 147 151 157 163 168 174 180 186 192 194 197 201 0 0 0 0 0 0 
36 38 43 49 54 60 66 72 77 83 89 94 100 105 111 118 124 129 134 139 144 148 153 159 165 170 176 182 188 194 196 200 204 208 0 0 0 0 0 
37 39 44 50 55 61 68 74 79 84 90 96 102 107 113 120 126 131 136 141 146 151 156 161 167 172 178 184 190 196 199 203 208 212 216 0 0 0 0 
38 40 45 51 56 62 69 75 80 86 92 97 103 109 115 122 128 133 139 144 149 154 158 163 168 174 180 186 192 198 201 206 211 215 220 224 0 0 0 
39 41 46 52 57 63 70 77 82 87 93 99 105 111 117 123 130 134 141 146 151 156 161 166 171 177 182 187 194 200 205 210 214 218 223 228 233 0 0 
40 42 47 53 58 64 71 78 83 89 95 100 107 113 118 125 131 136 142 148 154 159 164 169 173 179 184 190 196 202 207 212 217 221 226 231 236 241 0 
41 43 48 54 59 65 72 79 85 90 96 102 108 114 120 127 133 138 143 149 155 161 166 172 176 181 186 191 199 205 211 216 221 225 229 234 239 244 248 
