3 0 0 0 0 0 0 0 0 0 0 0 0 0 0 0 0 0 0 0 0 0 0 0 0 0 0 0 0 
4 6 0 0 0 0 0 0 0 0 0 0 0 0 0 0 0 0 0 0 0 0 0 0 0 0 0 0 0 
5 7 9 0 0 0 0 0 0 0 0 0 0 0 0 0 0 0 0 0 0 0 0 0 0 0 0 0 0 
6 8 10 12 0 0 0 0 0 0 0 0 0 0 0 0 0 0 0 0 0 0 0 0 0 0 0 0 0 
7 9 12 14 16 0 0 0 0 0 0 0 0 0 0 0 0 0 0 0 0 0 0 0 0 0 0 0 0 
8 10 13 15 18 21 0 0 0 0 0 0 0 0 0 0 0 0 0 0 0 0 0 0 0 0 0 0 0 
9 11 14 17 19 22 24 0 0 0 0 0 0 0 0 0 0 0 0 0 0 0 0 0 0 0 0 0 0 
10 12 15 18 21 24 26 29 0 0 0 0 0 0 0 0 0 0 0 0 0 0 0 0 0 0 0 0 0 
11 13 16 20 22 25 28 31 34 0 0 0 0 0 0 0 0 0 0 0 0 0 0 0 0 0 0 0 0 
12 14 17 21 24 27 30 33 36 39 0 0 0 0 0 0 0 0 0 0 0 0 0 0 0 0 0 0 0 
13 15 18 22 25 28 32 36 39 42 45 0 0 0 0 0 0 0 0 0 0 0 0 0 0 0 0 0 0 
14 16 19 23 27 30 33 37 40 44 48 52 0 0 0 0 0 0 0 0 0 0 0 0 0 0 0 0 0 
15 17 20 24 28 31 35 39 42 45 49 53 56 0 0 0 0 0 0 0 0 0 0 0 0 0 0 0 0 
16 18 21 25 30 33 36 40 44 47 51 55 58 61 0 0 0 0 0 0 0 0 0 0 0 0 0 0 0 
17 19 22 26 31 34 38 42 46 50 53 57 60 64 67 0 0 0 0 0 0 0 0 0 0 0 0 0 0 
18 20 23 27 32 36 39 43 47 51 55 59 63 67 70 74 0 0 0 0 0 0 0 0 0 0 0 0 0 
19 21 24 28 33 37 41 45 49 53 57 61 65 69 73 77 81 0 0 0 0 0 0 0 0 0 0 0 0 
20 22 25 29 34 39 42 46 51 55 60 64 68 72 76 80 84 88 0 0 0 0 0 0 0 0 0 0 0 
21 23 26 30 35 40 44 48 52 57 61 66 70 75 80 84 88 92 96 0 0 0 0 0 0 0 0 0 0 
22 24 27 31 36 42 45 49 54 59 63 67 72 77 81 85 90 95 100 105 0 0 0 0 0 0 0 0 0 
23 25 28 32 37 43 47 51 55 60 65 69 73 77 83 87 91 96 101 106 108 0 0 0 0 0 0 0 0 
24 26 29 33 38 44 48 52 57 62 66 71 75 79 84 89 93 97 103 108 110 115 0 0 0 0 0 0 0 
25 27 30 34 39 45 50 54 58 63 68 73 77 81 85 90 96 99 104 110 113 117 120 0 0 0 0 0 0 
26 28 31 35 40 46 51 55 60 65 70 75 79 83 87 91 95 100 104 110 117 121 123 129 0 0 0 0 0 
27 29 32 36 41 47 53 57 61 66 72 78 81 85 89 93 98 101 106 108 113 117 121 125 126 0 0 0 0 
28 30 33 37 42 48 54 58 63 68 73 79 83 88 92 96 99 104 110 115 116 121 124 129 132 133 0 0 0 
29 31 34 38 43 49 56 60 64 69 75 81 85 89 94 98 102 106 111 116 118 121 126 132 135 136 140 0 0 
30 32 35 39 44 50 57 61 66 71 76 82 86 92 96 99 104 109 114 118 122 125 129 134 138 143 143 148 0 
31 33 36 40 45 51 58 63 67 72 78 84 88 94 98 102 106 112 116 121 125 127 132 138 140 144 146 150 154 
