0 0 0 0 0 0 0 0 0 0 0 0 0 0 0 0 0 0 0 0 0 0 0 0 0 0 0 0 0 
0 6 0 0 0 0 0 0 0 0 0 0 0 0 0 0 0 0 0 0 0 0 0 0 0 0 0 0 0 
0 7 9 0 0 0 0 0 0 0 0 0 0 0 0 0 0 0 0 0 0 0 0 0 0 0 0 0 0 
0 8 10 12 0 0 0 0 0 0 0 0 0 0 0 0 0 0 0 0 0 0 0 0 0 0 0 0 0 
0 9 12 14 16 0 0 0 0 0 0 0 0 0 0 0 0 0 0 0 0 0 0 0 0 0 0 0 0 
0 10 13 15 18 21 0 0 0 0 0 0 0 0 0 0 0 0 0 0 0 0 0 0 0 0 0 0 0 
0 11 14 17 19 22 24 0 0 0 0 0 0 0 0 0 0 0 0 0 0 0 0 0 0 0 0 0 0 
0 12 15 18 21 24 26 29 0 0 0 0 0 0 0 0 0 0 0 0 0 0 0 0 0 0 0 0 0 
0 13 16 20 22 25 28 31 34 0 0 0 0 0 0 0 0 0 0 0 0 0 0 0 0 0 0 0 0 
0 14 17 21 24 27 30 33 36 39 0 0 0 0 0 0 0 0 0 0 0 0 0 0 0 0 0 0 0 
0 15 18 22 25 28 32 36 39 42 45 0 0 0 0 0 0 0 0 0 0 0 0 0 0 0 0 0 0 
0 16 19 23 27 30 33 37 40 44 48 52 0 0 0 0 0 0 0 0 0 0 0 0 0 0 0 0 0 
0 17 20 24 28 31 35 39 42 45 49 53 56 0 0 0 0 0 0 0 0 0 0 0 0 0 0 0 0 
0 18 21 25 30 33 36 40 44 47 51 55 58 61 0 0 0 0 0 0 0 0 0 0 0 0 0 0 0 
0 19 22 26 31 34 38 42 46 50 53 57 60 64 67 0 0 0 0 0 0 0 0 0 0 0 0 0 0 
0 20 23 27 32 36 39 43 47 51 55 59 63 67 70 74 0 0 0 0 0 0 0 0 0 0 0 0 0 
0 21 24 28 33 37 41 45 49 53 57 61 65 69 73 77 80 0 0 0 0 0 0 0 0 0 0 0 0 
0 22 25 29 34 39 42 46 51 55 60 64 67 72 76 80 84 88 0 0 0 0 0 0 0 0 0 0 0 
0 23 26 30 35 40 44 48 52 57 61 66 69 75 80 84 88 92 96 0 0 0 0 0 0 0 0 0 0 
0 24 27 31 36 42 45 49 54 59 63 67 71 76 81 85 90 95 100 105 0 0 0 0 0 0 0 0 0 
0 25 28 32 37 43 47 51 55 60 65 69 73 77 83 87 91 96 101 106 108 0 0 0 0 0 0 0 0 
0 26 29 33 38 44 48 52 57 62 66 71 75 80 83 89 93 98 103 108 110 115 0 0 0 0 0 0 0 
0 27 30 34 39 45 50 54 58 63 68 73 78 82 85 89 95 100 105 109 113 117 122 0 0 0 0 0 0 
0 28 31 35 40 46 51 55 60 65 70 75 79 83 87 91 95 100 104 112 116 121 126 130 0 0 0 0 0 
0 29 32 36 41 47 53 57 61 66 72 78 82 85 90 94 97 102 106 110 114 117 122 134 126 0 0 0 0 
0 30 33 37 42 48 54 58 63 68 73 79 83 87 91 95 100 105 110 115 116 119 124 127 142 147 0 0 0 
0 31 34 38 43 49 56 60 64 69 75 81 85 89 94 98 103 107 112 116 119 122 126 131 137 136 139 0 0 
0 32 35 39 44 50 57 61 66 71 76 82 87 92 96 99 105 109 114 121 130 135 140 145 150 155 160 165 0 
0 33 36 40 45 51 58 63 67 72 78 84 89 94 99 102 107 111 116 122 127 128 132 137 142 148 146 149 153 
