3 0 0 0 0 0 0 0 0 0 0 0 0 0 0 0 0 0 0 0 0 0 0 0 0 0 0 0 0 0 0 0 0 0 0 0 0 0 0 
4 6 0 0 0 0 0 0 0 0 0 0 0 0 0 0 0 0 0 0 0 0 0 0 0 0 0 0 0 0 0 0 0 0 0 0 0 0 0 
5 7 9 0 0 0 0 0 0 0 0 0 0 0 0 0 0 0 0 0 0 0 0 0 0 0 0 0 0 0 0 0 0 0 0 0 0 0 0 
6 8 10 12 0 0 0 0 0 0 0 0 0 0 0 0 0 0 0 0 0 0 0 0 0 0 0 0 0 0 0 0 0 0 0 0 0 0 0 
7 9 12 14 16 0 0 0 0 0 0 0 0 0 0 0 0 0 0 0 0 0 0 0 0 0 0 0 0 0 0 0 0 0 0 0 0 0 0 
8 10 13 15 18 21 0 0 0 0 0 0 0 0 0 0 0 0 0 0 0 0 0 0 0 0 0 0 0 0 0 0 0 0 0 0 0 0 0 
9 11 14 17 19 22 24 0 0 0 0 0 0 0 0 0 0 0 0 0 0 0 0 0 0 0 0 0 0 0 0 0 0 0 0 0 0 0 0 
10 12 15 18 21 24 26 29 0 0 0 0 0 0 0 0 0 0 0 0 0 0 0 0 0 0 0 0 0 0 0 0 0 0 0 0 0 0 0 
11 13 16 20 22 25 28 31 34 0 0 0 0 0 0 0 0 0 0 0 0 0 0 0 0 0 0 0 0 0 0 0 0 0 0 0 0 0 0 
12 14 17 21 24 27 30 33 36 39 0 0 0 0 0 0 0 0 0 0 0 0 0 0 0 0 0 0 0 0 0 0 0 0 0 0 0 0 0 
13 15 18 22 27 30 33 36 39 42 45 0 0 0 0 0 0 0 0 0 0 0 0 0 0 0 0 0 0 0 0 0 0 0 0 0 0 0 0 
14 16 19 25 28 33 37 40 42 44 47 52 0 0 0 0 0 0 0 0 0 0 0 0 0 0 0 0 0 0 0 0 0 0 0 0 0 0 0 
15 17 20 26 31 35 38 41 44 47 50 54 56 0 0 0 0 0 0 0 0 0 0 0 0 0 0 0 0 0 0 0 0 0 0 0 0 0 0 
16 18 21 27 32 36 39 42 46 50 53 56 59 62 0 0 0 0 0 0 0 0 0 0 0 0 0 0 0 0 0 0 0 0 0 0 0 0 0 
17 19 22 28 34 37 41 44 48 52 55 59 61 65 67 0 0 0 0 0 0 0 0 0 0 0 0 0 0 0 0 0 0 0 0 0 0 0 0 
18 20 23 29 35 38 42 46 50 54 57 62 65 68 71 73 0 0 0 0 0 0 0 0 0 0 0 0 0 0 0 0 0 0 0 0 0 0 0 
19 21 24 30 36 40 44 47 51 56 60 63 67 69 73 76 79 0 0 0 0 0 0 0 0 0 0 0 0 0 0 0 0 0 0 0 0 0 0 
20 22 25 31 38 41 45 49 54 58 61 66 70 73 76 79 84 86 0 0 0 0 0 0 0 0 0 0 0 0 0 0 0 0 0 0 0 0 0 
21 23 26 32 38 43 47 52 55 58 64 67 70 74 80 84 88 92 96 0 0 0 0 0 0 0 0 0 0 0 0 0 0 0 0 0 0 0 0 
22 24 27 33 40 44 48 53 57 61 67 70 73 76 81 85 90 95 100 105 0 0 0 0 0 0 0 0 0 0 0 0 0 0 0 0 0 0 0 
23 25 28 34 41 45 50 54 58 62 67 71 76 79 82 87 92 96 97 106 108 0 0 0 0 0 0 0 0 0 0 0 0 0 0 0 0 0 0 
24 26 29 35 42 47 51 56 60 64 69 73 78 81 85 89 94 99 103 106 110 113 0 0 0 0 0 0 0 0 0 0 0 0 0 0 0 0 0 
25 27 30 36 43 48 52 57 62 66 70 75 80 84 86 91 98 102 106 108 113 116 120 0 0 0 0 0 0 0 0 0 0 0 0 0 0 0 0 
26 28 31 37 44 49 54 59 63 66 72 77 82 86 88 94 98 103 108 111 115 121 125 130 0 0 0 0 0 0 0 0 0 0 0 0 0 0 0 
27 29 32 38 45 50 55 60 65 69 74 79 84 88 91 95 101 106 110 116 120 124 129 133 138 0 0 0 0 0 0 0 0 0 0 0 0 0 0 
28 30 33 39 46 51 56 61 66 69 75 80 85 89 94 97 104 109 113 116 123 128 133 138 142 146 0 0 0 0 0 0 0 0 0 0 0 0 0 
29 31 34 40 47 53 58 62 68 72 77 82 87 92 96 99 109 113 117 121 123 131 136 141 146 151 156 0 0 0 0 0 0 0 0 0 0 0 0 
30 32 35 41 48 53 59 64 68 74 77 85 89 93 99 100 111 116 120 124 130 134 140 145 150 155 160 165 0 0 0 0 0 0 0 0 0 0 0 
31 33 36 42 49 54 60 65 70 74 80 86 91 95 100 103 113 118 123 128 133 137 144 150 155 160 165 170 175 0 0 0 0 0 0 0 0 0 0 
32 34 37 43 50 55 61 66 72 77 81 86 93 98 102 108 114 120 126 130 134 141 145 149 156 162 168 174 180 186 0 0 0 0 0 0 0 0 0 
33 35 38 44 51 57 63 68 73 78 83 89 95 100 105 109 115 121 127 132 137 143 147 152 158 163 169 175 181 187 189 0 0 0 0 0 0 0 0 
34 36 39 45 52 58 64 70 74 79 85 91 96 101 106 112 117 124 129 134 138 145 150 155 159 166 171 176 183 189 191 194 0 0 0 0 0 0 0 
35 37 40 46 53 59 65 71 76 81 86 92 98 103 108 114 118 126 132 136 141 147 151 156 163 168 173 180 186 192 194 197 200 0 0 0 0 0 0 
36 38 41 47 54 60 66 72 77 82 88 94 99 105 110 116 124 128 134 139 144 148 153 156 165 170 175 182 188 194 196 199 204 207 0 0 0 0 0 
37 39 42 48 55 61 68 74 79 84 89 95 102 107 112 118 126 130 135 140 146 150 156 161 166 172 176 184 190 196 199 202 207 212 216 0 0 0 0 
38 40 43 49 56 62 68 75 80 85 91 97 103 109 114 120 128 133 138 144 149 154 158 162 168 173 180 186 192 197 201 204 210 215 219 224 0 0 0 
39 41 44 50 57 63 70 76 82 87 92 97 105 110 116 123 128 134 137 146 151 156 161 165 171 175 182 187 193 200 205 210 214 218 222 227 233 0 0 
40 42 45 51 58 64 70 77 83 88 94 100 105 113 118 124 131 136 139 147 154 159 164 169 173 177 184 188 195 202 207 212 216 221 226 230 235 240 0 
41 43 46 52 59 65 71 79 84 90 95 102 107 114 120 125 133 138 142 149 154 161 166 171 176 180 186 190 197 205 211 216 221 225 229 233 239 243 248 
