3 0 0 0 0 0 0 0 0 0 0 0 0 0 0 0 0 0 0 0 0 0 0 0 0 0 0 0 0 0 0 0 0 0 0 0 0 0 0 
4 6 0 0 0 0 0 0 0 0 0 0 0 0 0 0 0 0 0 0 0 0 0 0 0 0 0 0 0 0 0 0 0 0 0 0 0 0 0 
5 7 9 0 0 0 0 0 0 0 0 0 0 0 0 0 0 0 0 0 0 0 0 0 0 0 0 0 0 0 0 0 0 0 0 0 0 0 0 
6 8 10 12 0 0 0 0 0 0 0 0 0 0 0 0 0 0 0 0 0 0 0 0 0 0 0 0 0 0 0 0 0 0 0 0 0 0 0 
7 9 12 14 16 0 0 0 0 0 0 0 0 0 0 0 0 0 0 0 0 0 0 0 0 0 0 0 0 0 0 0 0 0 0 0 0 0 0 
8 10 13 15 18 21 0 0 0 0 0 0 0 0 0 0 0 0 0 0 0 0 0 0 0 0 0 0 0 0 0 0 0 0 0 0 0 0 0 
9 11 14 17 19 22 24 0 0 0 0 0 0 0 0 0 0 0 0 0 0 0 0 0 0 0 0 0 0 0 0 0 0 0 0 0 0 0 0 
10 12 15 18 21 24 26 29 0 0 0 0 0 0 0 0 0 0 0 0 0 0 0 0 0 0 0 0 0 0 0 0 0 0 0 0 0 0 0 
11 13 16 20 22 25 28 31 34 0 0 0 0 0 0 0 0 0 0 0 0 0 0 0 0 0 0 0 0 0 0 0 0 0 0 0 0 0 0 
12 14 17 21 24 27 30 33 36 39 0 0 0 0 0 0 0 0 0 0 0 0 0 0 0 0 0 0 0 0 0 0 0 0 0 0 0 0 0 
13 15 18 22 27 30 33 36 39 42 45 0 0 0 0 0 0 0 0 0 0 0 0 0 0 0 0 0 0 0 0 0 0 0 0 0 0 0 0 
14 16 19 25 28 33 36 40 42 45 48 52 0 0 0 0 0 0 0 0 0 0 0 0 0 0 0 0 0 0 0 0 0 0 0 0 0 0 0 
15 17 22 26 32 35 39 42 45 48 51 55 57 0 0 0 0 0 0 0 0 0 0 0 0 0 0 0 0 0 0 0 0 0 0 0 0 0 0 
16 18 23 27 33 37 40 44 46 50 54 58 59 62 0 0 0 0 0 0 0 0 0 0 0 0 0 0 0 0 0 0 0 0 0 0 0 0 0 
17 19 24 30 34 37 42 44 49 52 55 59 62 65 68 0 0 0 0 0 0 0 0 0 0 0 0 0 0 0 0 0 0 0 0 0 0 0 0 
18 20 25 31 36 39 43 47 51 54 58 60 65 68 72 75 0 0 0 0 0 0 0 0 0 0 0 0 0 0 0 0 0 0 0 0 0 0 0 
19 21 26 32 37 41 44 48 53 56 60 63 67 71 74 78 81 0 0 0 0 0 0 0 0 0 0 0 0 0 0 0 0 0 0 0 0 0 0 
20 22 27 33 38 42 46 50 55 59 62 66 70 73 77 81 85 89 0 0 0 0 0 0 0 0 0 0 0 0 0 0 0 0 0 0 0 0 0 
21 23 28 34 39 43 47 52 55 61 64 68 71 75 80 84 88 92 96 0 0 0 0 0 0 0 0 0 0 0 0 0 0 0 0 0 0 0 0 
22 24 29 35 40 44 49 53 57 62 66 70 73 77 82 87 91 95 100 105 0 0 0 0 0 0 0 0 0 0 0 0 0 0 0 0 0 0 0 
23 25 30 36 41 46 51 55 59 64 68 72 76 80 85 89 93 98 103 108 110 0 0 0 0 0 0 0 0 0 0 0 0 0 0 0 0 0 0 
24 26 31 37 42 47 52 56 61 65 70 73 78 81 87 92 96 100 105 110 112 115 0 0 0 0 0 0 0 0 0 0 0 0 0 0 0 0 0 
25 27 32 38 43 49 53 58 62 67 72 76 80 84 88 94 98 103 108 110 114 118 122 0 0 0 0 0 0 0 0 0 0 0 0 0 0 0 0 
26 28 33 39 44 50 55 59 63 68 73 78 82 86 87 95 101 105 109 112 116 121 126 130 0 0 0 0 0 0 0 0 0 0 0 0 0 0 0 
27 29 34 40 45 51 56 60 65 70 74 80 84 88 92 94 102 105 111 116 120 125 129 134 138 0 0 0 0 0 0 0 0 0 0 0 0 0 0 
28 30 35 41 46 52 58 62 67 71 77 81 86 90 95 100 105 110 114 119 123 128 133 138 142 147 0 0 0 0 0 0 0 0 0 0 0 0 0 
29 31 36 42 47 53 59 64 68 73 78 83 88 92 97 103 105 113 118 122 126 131 136 141 146 151 156 0 0 0 0 0 0 0 0 0 0 0 0 
30 32 37 43 48 54 60 65 70 75 80 85 90 95 99 105 111 116 121 125 130 135 140 145 150 155 160 165 0 0 0 0 0 0 0 0 0 0 0 
31 33 38 44 48 55 61 66 71 75 80 87 92 97 101 107 113 118 122 128 133 138 144 150 155 160 165 170 175 0 0 0 0 0 0 0 0 0 0 
32 34 38 45 50 56 63 67 72 77 82 88 92 99 104 110 115 119 126 130 136 141 145 151 156 162 168 174 180 186 0 0 0 0 0 0 0 0 0 
33 35 40 46 51 57 64 69 74 79 84 89 96 101 106 112 116 122 128 133 138 143 148 153 158 163 169 175 181 187 189 0 0 0 0 0 0 0 0 
34 36 41 47 52 58 64 70 75 80 86 91 98 103 108 115 114 124 131 136 141 145 151 156 161 166 171 177 183 189 191 195 0 0 0 0 0 0 0 
35 37 42 48 53 59 66 72 77 81 87 93 99 105 110 117 122 127 132 137 143 148 153 158 163 168 174 180 186 192 194 198 202 0 0 0 0 0 0 
36 38 43 49 54 60 67 73 77 82 89 95 101 106 112 118 124 127 130 138 146 151 156 158 165 170 176 182 188 194 196 200 204 208 0 0 0 0 0 
37 39 43 50 55 61 68 73 79 84 90 96 101 108 114 119 126 127 137 142 145 153 158 163 168 172 178 184 190 196 199 203 207 212 216 0 0 0 0 
38 40 45 51 56 62 69 76 80 86 92 97 104 110 116 122 129 134 139 144 150 156 161 166 171 176 181 186 192 199 203 207 211 215 220 225 0 0 0 
39 41 46 52 57 63 70 77 82 87 93 99 106 112 118 124 131 136 141 147 152 155 163 168 174 180 183 188 195 201 206 210 214 219 224 229 232 0 0 
40 42 47 53 58 64 71 79 83 89 95 101 107 114 120 126 133 138 140 147 154 159 166 171 174 182 187 192 198 204 208 213 218 222 227 233 237 242 0 
41 43 48 54 59 65 72 80 84 89 96 102 108 114 119 128 134 140 138 147 156 162 167 172 168 183 190 196 199 205 211 216 221 225 230 237 241 246 250 
