3 0 0 0 0 0 0 0 0 0 0 0 0 0 0 0 0 0 0 0 0 0 0 0 0 0 0 0 0 
4 6 0 0 0 0 0 0 0 0 0 0 0 0 0 0 0 0 0 0 0 0 0 0 0 0 0 0 0 
5 7 9 0 0 0 0 0 0 0 0 0 0 0 0 0 0 0 0 0 0 0 0 0 0 0 0 0 0 
6 8 10 12 0 0 0 0 0 0 0 0 0 0 0 0 0 0 0 0 0 0 0 0 0 0 0 0 0 
7 9 12 14 16 0 0 0 0 0 0 0 0 0 0 0 0 0 0 0 0 0 0 0 0 0 0 0 0 
8 10 13 15 18 21 0 0 0 0 0 0 0 0 0 0 0 0 0 0 0 0 0 0 0 0 0 0 0 
9 11 14 17 19 22 24 0 0 0 0 0 0 0 0 0 0 0 0 0 0 0 0 0 0 0 0 0 0 
10 12 15 18 21 24 26 29 0 0 0 0 0 0 0 0 0 0 0 0 0 0 0 0 0 0 0 0 0 
11 13 16 20 22 25 28 31 34 0 0 0 0 0 0 0 0 0 0 0 0 0 0 0 0 0 0 0 0 
12 14 17 21 24 27 30 33 36 39 0 0 0 0 0 0 0 0 0 0 0 0 0 0 0 0 0 0 0 
13 15 18 22 25 28 32 36 39 42 45 0 0 0 0 0 0 0 0 0 0 0 0 0 0 0 0 0 0 
14 16 19 23 27 30 33 37 40 44 48 49 0 0 0 0 0 0 0 0 0 0 0 0 0 0 0 0 0 
15 17 20 24 28 31 35 39 42 45 49 52 55 0 0 0 0 0 0 0 0 0 0 0 0 0 0 0 0 
16 18 21 25 30 33 36 40 44 47 51 55 57 60 0 0 0 0 0 0 0 0 0 0 0 0 0 0 0 
17 19 22 26 31 34 38 42 45 49 52 57 59 62 66 0 0 0 0 0 0 0 0 0 0 0 0 0 0 
18 20 23 27 32 36 39 43 47 51 54 58 61 65 68 70 0 0 0 0 0 0 0 0 0 0 0 0 0 
19 21 24 28 33 37 41 45 49 53 56 60 64 67 70 73 76 0 0 0 0 0 0 0 0 0 0 0 0 
20 22 25 29 34 39 42 46 50 55 58 62 66 69 72 76 79 82 0 0 0 0 0 0 0 0 0 0 0 
21 23 26 30 35 40 44 48 52 56 60 64 68 72 75 79 82 86 87 0 0 0 0 0 0 0 0 0 0 
22 24 27 31 36 42 45 49 54 58 62 66 70 74 77 81 83 87 91 94 0 0 0 0 0 0 0 0 0 
23 25 28 32 37 43 47 51 55 60 64 68 71 75 80 84 87 91 93 96 100 0 0 0 0 0 0 0 0 
24 26 29 33 38 44 48 52 57 62 66 70 74 78 82 85 89 92 96 101 103 105 0 0 0 0 0 0 0 
25 27 30 34 39 45 50 54 58 63 68 72 76 80 84 88 92 95 98 102 106 109 112 0 0 0 0 0 0 
26 28 31 35 40 46 51 55 60 65 69 73 78 81 86 90 94 98 102 105 109 111 115 118 0 0 0 0 0 
27 29 32 36 41 47 53 57 61 66 71 75 79 84 88 92 96 100 104 107 110 114 119 121 124 0 0 0 0 
28 30 33 37 42 48 54 58 63 68 72 77 81 86 90 94 98 102 106 110 113 118 121 124 128 131 0 0 0 
29 31 34 38 43 49 55 60 64 69 74 79 84 88 92 96 101 104 109 113 116 119 124 127 131 134 138 0 0 
30 32 35 39 44 50 56 61 66 71 76 81 85 90 94 98 103 107 111 115 120 123 126 131 133 137 141 145 0 
31 33 36 40 45 51 58 63 67 72 78 83 87 92 97 100 106 110 114 117 123 125 129 133 136 141 143 148 150 
