3 0 0 0 0 0 0 0 0 0 0 0 0 0 0 0 0 0 0 0 0 0 0 0 0 0 0 0 0 
4 6 0 0 0 0 0 0 0 0 0 0 0 0 0 0 0 0 0 0 0 0 0 0 0 0 0 0 0 
5 7 9 0 0 0 0 0 0 0 0 0 0 0 0 0 0 0 0 0 0 0 0 0 0 0 0 0 0 
6 8 10 12 0 0 0 0 0 0 0 0 0 0 0 0 0 0 0 0 0 0 0 0 0 0 0 0 0 
7 9 12 14 16 0 0 0 0 0 0 0 0 0 0 0 0 0 0 0 0 0 0 0 0 0 0 0 0 
8 10 13 15 18 21 0 0 0 0 0 0 0 0 0 0 0 0 0 0 0 0 0 0 0 0 0 0 0 
9 11 14 17 19 22 24 0 0 0 0 0 0 0 0 0 0 0 0 0 0 0 0 0 0 0 0 0 0 
10 12 15 18 21 24 26 29 0 0 0 0 0 0 0 0 0 0 0 0 0 0 0 0 0 0 0 0 0 
11 13 16 20 22 25 28 31 34 0 0 0 0 0 0 0 0 0 0 0 0 0 0 0 0 0 0 0 0 
12 14 17 21 24 27 30 33 36 39 0 0 0 0 0 0 0 0 0 0 0 0 0 0 0 0 0 0 0 
13 15 18 22 25 28 32 36 39 42 45 0 0 0 0 0 0 0 0 0 0 0 0 0 0 0 0 0 0 
14 16 19 23 27 30 33 37 40 44 48 52 0 0 0 0 0 0 0 0 0 0 0 0 0 0 0 0 0 
15 17 20 24 28 31 35 39 42 45 49 53 55 0 0 0 0 0 0 0 0 0 0 0 0 0 0 0 0 
16 18 21 25 30 33 36 40 44 47 50 55 57 60 0 0 0 0 0 0 0 0 0 0 0 0 0 0 0 
17 19 22 26 31 34 38 42 46 49 52 56 60 63 65 0 0 0 0 0 0 0 0 0 0 0 0 0 0 
18 20 23 27 32 36 39 43 47 51 55 58 61 65 67 70 0 0 0 0 0 0 0 0 0 0 0 0 0 
19 21 24 28 33 37 41 45 49 53 56 61 64 66 70 74 77 0 0 0 0 0 0 0 0 0 0 0 0 
20 22 25 29 34 39 42 46 51 55 59 62 66 69 72 76 79 82 0 0 0 0 0 0 0 0 0 0 0 
21 23 26 30 35 40 44 48 52 56 60 64 68 71 75 78 82 84 88 0 0 0 0 0 0 0 0 0 0 
22 24 27 31 36 42 45 49 54 59 62 66 70 73 77 81 85 87 90 94 0 0 0 0 0 0 0 0 0 
23 25 28 32 37 43 47 51 55 60 64 68 72 76 79 84 87 90 93 96 99 0 0 0 0 0 0 0 0 
24 26 29 33 38 44 48 52 57 61 66 70 74 78 81 86 89 92 96 99 102 106 0 0 0 0 0 0 0 
25 27 30 34 39 45 50 54 58 63 67 72 76 80 83 87 91 95 99 102 105 108 112 0 0 0 0 0 0 
26 28 31 35 40 46 51 55 60 65 69 73 78 82 86 89 94 97 101 105 108 111 115 118 0 0 0 0 0 
27 29 32 36 41 47 53 57 61 66 71 75 80 84 88 92 96 100 104 107 111 115 118 121 124 0 0 0 0 
28 30 33 37 42 48 54 58 63 68 72 77 82 86 90 94 98 102 106 110 113 117 121 124 127 130 0 0 0 
29 31 34 38 43 49 55 60 64 69 74 79 84 88 92 96 100 104 108 112 116 120 124 127 131 134 137 0 0 
30 32 35 39 44 50 57 61 66 71 76 81 86 89 95 98 103 107 111 115 119 123 126 130 134 137 140 144 0 
31 33 36 40 45 51 58 63 67 72 78 82 87 92 96 100 105 109 113 117 121 125 129 133 137 140 144 147 151 
