3 0 0 0 0 0 0 0 0 0 0 0 0 0 0 0 0 0 0 0 0 0 0 0 0 0 0 0 0 0 0 0 0 0 0 0 0 0 0 
4 6 0 0 0 0 0 0 0 0 0 0 0 0 0 0 0 0 0 0 0 0 0 0 0 0 0 0 0 0 0 0 0 0 0 0 0 0 0 
5 7 9 0 0 0 0 0 0 0 0 0 0 0 0 0 0 0 0 0 0 0 0 0 0 0 0 0 0 0 0 0 0 0 0 0 0 0 0 
6 8 10 12 0 0 0 0 0 0 0 0 0 0 0 0 0 0 0 0 0 0 0 0 0 0 0 0 0 0 0 0 0 0 0 0 0 0 0 
7 9 12 14 16 0 0 0 0 0 0 0 0 0 0 0 0 0 0 0 0 0 0 0 0 0 0 0 0 0 0 0 0 0 0 0 0 0 0 
8 10 13 15 18 21 0 0 0 0 0 0 0 0 0 0 0 0 0 0 0 0 0 0 0 0 0 0 0 0 0 0 0 0 0 0 0 0 0 
9 11 14 17 19 22 24 0 0 0 0 0 0 0 0 0 0 0 0 0 0 0 0 0 0 0 0 0 0 0 0 0 0 0 0 0 0 0 0 
10 12 15 18 21 24 26 29 0 0 0 0 0 0 0 0 0 0 0 0 0 0 0 0 0 0 0 0 0 0 0 0 0 0 0 0 0 0 0 
11 13 16 20 22 25 28 31 34 0 0 0 0 0 0 0 0 0 0 0 0 0 0 0 0 0 0 0 0 0 0 0 0 0 0 0 0 0 0 
12 14 17 21 24 27 30 33 36 39 0 0 0 0 0 0 0 0 0 0 0 0 0 0 0 0 0 0 0 0 0 0 0 0 0 0 0 0 0 
13 15 18 22 25 28 32 36 39 42 45 0 0 0 0 0 0 0 0 0 0 0 0 0 0 0 0 0 0 0 0 0 0 0 0 0 0 0 0 
14 16 19 23 27 30 33 37 40 43 46 49 0 0 0 0 0 0 0 0 0 0 0 0 0 0 0 0 0 0 0 0 0 0 0 0 0 0 0 
15 17 20 24 28 31 35 39 42 45 49 51 55 0 0 0 0 0 0 0 0 0 0 0 0 0 0 0 0 0 0 0 0 0 0 0 0 0 0 
16 18 21 25 30 33 36 40 44 47 50 53 57 60 0 0 0 0 0 0 0 0 0 0 0 0 0 0 0 0 0 0 0 0 0 0 0 0 0 
17 19 22 26 31 34 38 42 45 49 52 56 59 63 64 0 0 0 0 0 0 0 0 0 0 0 0 0 0 0 0 0 0 0 0 0 0 0 0 
18 20 23 27 32 36 39 43 47 51 54 58 61 64 67 70 0 0 0 0 0 0 0 0 0 0 0 0 0 0 0 0 0 0 0 0 0 0 0 
19 21 24 28 33 37 41 45 49 53 56 60 63 67 70 72 75 0 0 0 0 0 0 0 0 0 0 0 0 0 0 0 0 0 0 0 0 0 0 
20 22 25 29 34 39 42 46 50 55 58 62 65 69 72 76 78 81 0 0 0 0 0 0 0 0 0 0 0 0 0 0 0 0 0 0 0 0 0 
21 23 26 30 35 40 44 48 52 56 60 64 67 71 75 78 80 84 88 0 0 0 0 0 0 0 0 0 0 0 0 0 0 0 0 0 0 0 0 
22 24 27 31 36 41 45 49 54 58 62 66 69 73 77 81 84 87 90 93 0 0 0 0 0 0 0 0 0 0 0 0 0 0 0 0 0 0 0 
23 25 28 32 37 43 47 51 55 60 64 68 72 75 79 82 86 90 92 96 100 0 0 0 0 0 0 0 0 0 0 0 0 0 0 0 0 0 0 
24 26 29 33 38 44 48 52 57 61 66 69 74 78 82 85 89 93 97 98 102 105 0 0 0 0 0 0 0 0 0 0 0 0 0 0 0 0 0 
25 27 30 34 39 45 50 54 58 63 67 71 75 79 83 88 91 95 98 102 105 108 111 0 0 0 0 0 0 0 0 0 0 0 0 0 0 0 0 
26 28 31 35 40 46 51 55 60 65 69 73 77 82 86 89 93 96 101 104 108 111 115 117 0 0 0 0 0 0 0 0 0 0 0 0 0 0 0 
27 29 32 36 41 47 52 57 61 66 71 76 80 84 88 91 96 99 103 107 111 113 118 120 124 0 0 0 0 0 0 0 0 0 0 0 0 0 0 
28 30 33 37 42 48 54 58 63 68 72 77 82 86 90 95 98 101 106 110 113 116 121 123 128 130 0 0 0 0 0 0 0 0 0 0 0 0 0 
29 31 34 38 43 49 55 60 64 69 74 78 84 88 92 96 100 105 108 113 116 121 123 127 130 134 137 0 0 0 0 0 0 0 0 0 0 0 0 
30 32 35 39 44 50 56 61 66 71 76 80 85 90 94 98 103 106 110 115 119 122 127 130 134 137 140 144 0 0 0 0 0 0 0 0 0 0 0 
31 33 36 40 45 51 57 63 67 72 77 82 87 91 96 101 104 109 113 117 122 125 129 133 136 140 143 147 150 0 0 0 0 0 0 0 0 0 0 
32 34 37 41 46 52 58 64 69 74 79 84 89 93 98 102 106 111 115 120 123 127 131 135 139 144 147 150 154 156 0 0 0 0 0 0 0 0 0 
33 35 38 42 47 53 59 65 70 75 81 85 91 96 100 105 109 113 118 122 126 131 134 138 144 146 150 153 158 160 164 0 0 0 0 0 0 0 0 
34 36 39 43 48 54 61 66 72 77 82 88 92 97 102 106 111 116 120 125 129 133 137 141 145 149 153 157 161 164 169 171 0 0 0 0 0 0 0 
35 37 40 44 49 55 62 68 73 78 84 89 95 99 104 108 114 118 122 127 131 135 140 145 148 152 156 160 163 168 170 175 179 0 0 0 0 0 0 
36 38 41 45 50 56 63 69 75 80 85 91 96 101 106 111 115 120 125 129 133 138 143 147 151 155 159 163 167 170 174 177 182 185 0 0 0 0 0 
37 39 42 46 51 57 64 71 76 81 87 92 97 103 107 113 117 123 128 132 136 140 145 149 153 158 162 166 170 173 179 181 185 189 194 0 0 0 0 
38 40 43 47 52 58 65 71 77 83 88 94 100 104 109 115 119 125 130 135 138 143 148 152 156 161 164 169 173 176 180 185 189 192 196 199 0 0 0 
39 41 44 48 53 59 66 72 79 84 90 95 101 106 112 116 121 127 131 136 141 146 150 155 158 163 168 172 176 180 183 189 192 196 201 204 207 0 0 
40 42 45 49 54 60 67 74 80 86 91 97 102 109 113 118 124 128 133 138 143 149 152 157 162 168 171 175 180 184 189 191 195 199 204 207 211 213 0 
41 43 46 50 55 61 68 75 82 87 92 98 104 109 115 121 126 131 136 141 146 150 155 160 165 168 173 177 184 186 192 195 198 203 207 210 214 217 222 
