1 0 0 0 0 0 0 0 0 0 0 0 0 0 0 0 0 0 0 0 0
2 3 0 0 0 0 0 0 0 0 0 0 0 0 0 0 0 0 0 0 0
3 4 6 0 0 0 0 0 0 0 0 0 0 0 0 0 0 0 0 0 0
4 5 7 9 0 0 0 0 0 0 0 0 0 0 0 0 0 0 0 0 0
5 6 8 10 12 0 0 0 0 0 0 0 0 0 0 0 0 0 0 0 0
6 7 9 12 14 16 0 0 0 0 0 0 0 0 0 0 0 0 0 0 0
7 8 10 13 15 18 21 0 0 0 0 0 0 0 0 0 0 0 0 0 0
8 9 11 14 17 19 22 24 0 0 0 0 0 0 0 0 0 0 0 0 0
9 10 12 15 18 21 24 26 29 0 0 0 0 0 0 0 0 0 0 0 0
10 11 13 16 20 22 25 28 31 34 0 0 0 0 0 0 0 0 0 0 0
11 12 14 17 21 24 27 30 33 36 39 0 0 0 0 0 0 0 0 0 0
12 13 15 18 22 25 28 32 36 39 42 45 0 0 0 0 0 0 0 0 0
13 14 16 19 23 27 30 33 37 40 44 48 49 0 0 0 0 0 0 0 0
14 15 17 20 24 28 31 35 39 42 45 49 53 55 0 0 0 0 0 0 0
15 16 18 21 25 30 33 36 40 44 47 51 54 57 60 0 0 0 0 0 0
16 17 19 22 26 31 34 38 42 45 49 52 56 60 63 65 0 0 0 0 0
17 18 20 23 27 32 36 39 43 47 51 55 58 62 65 68 70 0 0 0 0
18 19 21 24 28 33 37 41 45 49 53 56 60 63 67 70 73 76 0 0 0
19 20 22 25 29 34 39 42 46 51 54 59 62 66 69 72 76 80 83 0 0
20 21 23 26 30 35 40 44 48 52 56 60 64 67 71 74 78 82 87 88 0