1 0 0 0 0 0 0 0 0 0 0 0 0 0 0 0 0 0 0 0 
2 3 0 0 0 0 0 0 0 0 0 0 0 0 0 0 0 0 0 0
3 4 6 0 0 0 0 0 0 0 0 0 0 0 0 0 0 0 0 0
4 5 7 9 0 0 0 0 0 0 0 0 0 0 0 0 0 0 0 0
5 6 8 10 12 0 0 0 0 0 0 0 0 0 0 0 0 0 0 0
6 7 9 12 14 16 0 0 0 0 0 0 0 0 0 0 0 0 0 0
7 8 10 13 15 18 21 0 0 0 0 0 0 0 0 0 0 0 0 0
8 9 11 14 17 19 22 24 0 0 0 0 0 0 0 0 0 0 0 0
9 10 11 15 18 21 24 26 29 0 0 0 0 0 0 0 0 0 0 0 
10 11 13 15 18 22 25 28 31 34 0 0 0 0 0 0 0 0 0 0
11 12 14 16 19 23 27 30 33 36 39 0 0 0 0 0 0 0 0 0
12 13 15 17 20 22 26 32 36 39 42 45 0 0 0 0 0 0 0 0
13 14 15 18 20 24 29 31 37 40 44 46 49 0 0 0 0 0 0 0
14 15 17 19 22 26 28 33 36 42 45 49 51 55 0 0 0 0 0 0 
15 16 18 20 22 28 31 33 37 41 47 51 54 56 60 0 0 0 0 0
16 17 19 21 25 30 32 36 39 42 46 52 56 59 62 65 0 0 0 0
17 18 20 22 24 30 34 37 42 44 48 50 57 61 65 67 70 0 0 0
18 19 21 23 27 31 34 39 43 46 50 53 57 63 66 69 72 76 0 0
19 20 22 24 26 32 35 40 43 47 48 54 57 60 68 72 76 78 82 0 
20 21 23 25 29 34 38 42 47 46 52 56 58 64 66 74 78 80 84 87
