3 0 0 0 0 0 0 0 0 0 0 0 0 0 0 0 0 0 0 0 0 0 0 0 0 0 0 0 0 0 0 0 0 0 0 0 0 0 0 
4 6 0 0 0 0 0 0 0 0 0 0 0 0 0 0 0 0 0 0 0 0 0 0 0 0 0 0 0 0 0 0 0 0 0 0 0 0 0 
5 7 9 0 0 0 0 0 0 0 0 0 0 0 0 0 0 0 0 0 0 0 0 0 0 0 0 0 0 0 0 0 0 0 0 0 0 0 0 
6 8 10 12 0 0 0 0 0 0 0 0 0 0 0 0 0 0 0 0 0 0 0 0 0 0 0 0 0 0 0 0 0 0 0 0 0 0 0 
7 9 12 14 16 0 0 0 0 0 0 0 0 0 0 0 0 0 0 0 0 0 0 0 0 0 0 0 0 0 0 0 0 0 0 0 0 0 0 
8 10 13 15 18 21 0 0 0 0 0 0 0 0 0 0 0 0 0 0 0 0 0 0 0 0 0 0 0 0 0 0 0 0 0 0 0 0 0 
9 11 14 17 19 22 24 0 0 0 0 0 0 0 0 0 0 0 0 0 0 0 0 0 0 0 0 0 0 0 0 0 0 0 0 0 0 0 0 
10 12 15 18 21 24 26 29 0 0 0 0 0 0 0 0 0 0 0 0 0 0 0 0 0 0 0 0 0 0 0 0 0 0 0 0 0 0 0 
11 13 16 20 22 25 28 31 34 0 0 0 0 0 0 0 0 0 0 0 0 0 0 0 0 0 0 0 0 0 0 0 0 0 0 0 0 0 0 
12 14 17 21 24 27 30 33 36 39 0 0 0 0 0 0 0 0 0 0 0 0 0 0 0 0 0 0 0 0 0 0 0 0 0 0 0 0 0 
13 15 18 22 25 28 32 36 39 42 45 0 0 0 0 0 0 0 0 0 0 0 0 0 0 0 0 0 0 0 0 0 0 0 0 0 0 0 0 
14 16 19 23 27 30 33 37 40 43 48 52 0 0 0 0 0 0 0 0 0 0 0 0 0 0 0 0 0 0 0 0 0 0 0 0 0 0 0 
15 17 20 24 28 31 35 39 42 45 49 53 55 0 0 0 0 0 0 0 0 0 0 0 0 0 0 0 0 0 0 0 0 0 0 0 0 0 0 
16 18 21 25 30 33 36 40 44 47 51 55 57 61 0 0 0 0 0 0 0 0 0 0 0 0 0 0 0 0 0 0 0 0 0 0 0 0 0 
17 19 22 26 31 34 38 42 46 50 53 56 59 64 67 0 0 0 0 0 0 0 0 0 0 0 0 0 0 0 0 0 0 0 0 0 0 0 0 
18 20 23 27 32 36 39 43 47 51 55 58 63 67 70 73 0 0 0 0 0 0 0 0 0 0 0 0 0 0 0 0 0 0 0 0 0 0 0 
19 21 24 28 33 37 41 45 49 53 57 61 65 69 73 77 81 0 0 0 0 0 0 0 0 0 0 0 0 0 0 0 0 0 0 0 0 0 0 
20 22 25 29 34 39 42 46 51 55 59 63 68 72 76 80 84 88 0 0 0 0 0 0 0 0 0 0 0 0 0 0 0 0 0 0 0 0 0 
21 23 26 30 35 40 44 48 52 57 61 64 70 75 80 84 88 92 96 0 0 0 0 0 0 0 0 0 0 0 0 0 0 0 0 0 0 0 0 
22 24 27 31 36 42 45 49 54 59 63 67 71 75 81 85 90 95 100 105 0 0 0 0 0 0 0 0 0 0 0 0 0 0 0 0 0 0 0 
23 25 28 32 37 42 47 51 55 60 64 69 73 77 83 87 91 96 101 106 108 0 0 0 0 0 0 0 0 0 0 0 0 0 0 0 0 0 0 
24 26 29 33 38 44 48 52 57 62 66 70 75 79 85 89 93 98 103 108 110 113 0 0 0 0 0 0 0 0 0 0 0 0 0 0 0 0 0 
25 27 30 34 39 45 50 54 58 63 68 72 77 82 86 90 95 100 105 109 113 116 120 0 0 0 0 0 0 0 0 0 0 0 0 0 0 0 0 
26 28 31 35 40 46 51 55 60 65 69 75 79 85 90 94 98 102 107 112 116 119 122 126 0 0 0 0 0 0 0 0 0 0 0 0 0 0 0 
27 29 32 36 41 46 53 57 61 66 71 78 82 86 90 96 100 104 110 115 119 123 126 129 134 0 0 0 0 0 0 0 0 0 0 0 0 0 0 
28 30 33 37 42 48 54 58 63 67 73 77 84 88 92 97 102 106 112 117 120 125 129 133 137 142 0 0 0 0 0 0 0 0 0 0 0 0 0 
29 31 34 38 43 49 56 60 64 69 74 81 85 90 95 96 104 109 113 119 124 128 132 136 140 146 151 0 0 0 0 0 0 0 0 0 0 0 0 
30 32 35 39 44 50 55 61 66 71 76 82 87 92 97 101 103 111 116 121 126 130 136 140 144 148 154 157 0 0 0 0 0 0 0 0 0 0 0 
31 33 36 40 45 51 58 63 67 72 77 83 89 93 99 103 108 112 119 124 129 133 137 142 149 159 165 170 175 0 0 0 0 0 0 0 0 0 0 
32 34 37 41 46 52 59 64 69 74 79 85 89 95 101 106 111 114 121 126 130 136 141 150 155 162 168 174 180 186 0 0 0 0 0 0 0 0 0 
33 35 38 42 47 53 60 66 70 75 80 87 92 97 103 108 112 118 122 128 133 138 145 152 157 163 169 175 181 187 189 0 0 0 0 0 0 0 0 
34 36 39 43 48 54 61 66 72 77 82 88 94 99 105 110 112 119 125 131 136 141 146 154 159 166 171 177 183 189 191 194 0 0 0 0 0 0 0 
35 37 40 44 49 55 62 69 73 78 84 90 95 101 107 112 117 119 125 131 137 144 149 156 161 168 174 180 186 192 194 197 202 0 0 0 0 0 0 
36 38 41 45 50 56 63 70 75 80 85 91 96 105 110 114 118 121 127 135 140 145 152 157 163 170 175 182 188 194 196 199 204 207 0 0 0 0 0 
37 39 42 46 51 57 64 71 76 81 87 92 98 106 111 116 121 127 132 137 142 147 155 151 159 171 177 184 190 196 198 203 207 211 214 0 0 0 0 
38 40 43 47 52 58 65 71 78 83 88 94 100 107 113 118 123 126 134 139 144 150 157 162 159 171 179 187 193 199 203 207 211 214 217 222 0 0 0 
39 41 44 48 53 59 66 74 79 84 90 95 101 108 115 120 125 128 135 139 148 153 159 164 170 175 177 184 195 201 206 210 214 218 222 225 231 0 0 
40 42 45 49 54 60 67 75 81 86 91 97 103 110 116 122 128 133 139 145 150 156 161 166 172 172 183 188 197 203 208 213 217 222 226 230 233 238 0 
41 43 46 50 55 61 68 76 82 87 93 99 105 111 117 124 130 136 141 148 153 158 163 168 172 180 186 191 199 205 211 216 221 225 229 235 238 242 244 
