3 0 0 0 0 0 0 0 0 0 0 0 0 0 0 0 0 0 0 0 0 0 0 0 0 0 0 0 0 0 0 0 0 0 0 0 0 0 0 
4 6 0 0 0 0 0 0 0 0 0 0 0 0 0 0 0 0 0 0 0 0 0 0 0 0 0 0 0 0 0 0 0 0 0 0 0 0 0 
5 7 9 0 0 0 0 0 0 0 0 0 0 0 0 0 0 0 0 0 0 0 0 0 0 0 0 0 0 0 0 0 0 0 0 0 0 0 0 
6 8 10 12 0 0 0 0 0 0 0 0 0 0 0 0 0 0 0 0 0 0 0 0 0 0 0 0 0 0 0 0 0 0 0 0 0 0 0 
7 9 12 14 16 0 0 0 0 0 0 0 0 0 0 0 0 0 0 0 0 0 0 0 0 0 0 0 0 0 0 0 0 0 0 0 0 0 0 
8 10 13 15 18 21 0 0 0 0 0 0 0 0 0 0 0 0 0 0 0 0 0 0 0 0 0 0 0 0 0 0 0 0 0 0 0 0 0 
9 11 14 17 19 22 24 0 0 0 0 0 0 0 0 0 0 0 0 0 0 0 0 0 0 0 0 0 0 0 0 0 0 0 0 0 0 0 0 
10 12 15 18 21 24 26 29 0 0 0 0 0 0 0 0 0 0 0 0 0 0 0 0 0 0 0 0 0 0 0 0 0 0 0 0 0 0 0 
11 13 16 20 22 25 28 31 34 0 0 0 0 0 0 0 0 0 0 0 0 0 0 0 0 0 0 0 0 0 0 0 0 0 0 0 0 0 0 
12 14 17 21 24 27 30 33 36 39 0 0 0 0 0 0 0 0 0 0 0 0 0 0 0 0 0 0 0 0 0 0 0 0 0 0 0 0 0 
13 15 18 22 25 28 32 36 39 42 45 0 0 0 0 0 0 0 0 0 0 0 0 0 0 0 0 0 0 0 0 0 0 0 0 0 0 0 0 
14 16 19 23 27 30 33 37 40 44 48 52 0 0 0 0 0 0 0 0 0 0 0 0 0 0 0 0 0 0 0 0 0 0 0 0 0 0 0 
15 17 20 24 28 31 35 39 42 45 49 53 55 0 0 0 0 0 0 0 0 0 0 0 0 0 0 0 0 0 0 0 0 0 0 0 0 0 0 
16 18 21 25 30 33 36 40 44 47 51 55 58 61 0 0 0 0 0 0 0 0 0 0 0 0 0 0 0 0 0 0 0 0 0 0 0 0 0 
17 19 22 26 31 34 38 42 45 49 53 57 60 64 67 0 0 0 0 0 0 0 0 0 0 0 0 0 0 0 0 0 0 0 0 0 0 0 0 
18 20 23 27 32 36 39 43 47 51 54 58 63 67 70 74 0 0 0 0 0 0 0 0 0 0 0 0 0 0 0 0 0 0 0 0 0 0 0 
19 21 24 28 33 37 41 45 49 53 57 61 65 69 73 77 81 0 0 0 0 0 0 0 0 0 0 0 0 0 0 0 0 0 0 0 0 0 0 
20 22 25 29 34 39 42 46 50 55 59 63 68 72 76 80 84 88 0 0 0 0 0 0 0 0 0 0 0 0 0 0 0 0 0 0 0 0 0 
21 23 26 30 35 40 44 48 52 57 61 65 69 75 80 84 88 92 96 0 0 0 0 0 0 0 0 0 0 0 0 0 0 0 0 0 0 0 0 
22 24 27 31 36 42 45 49 54 59 63 67 71 76 81 85 90 95 100 105 0 0 0 0 0 0 0 0 0 0 0 0 0 0 0 0 0 0 0 
23 25 28 32 37 43 47 51 55 60 64 69 73 78 83 87 91 96 101 106 108 0 0 0 0 0 0 0 0 0 0 0 0 0 0 0 0 0 0 
24 26 29 33 38 44 48 52 57 62 66 71 75 80 84 89 93 98 103 108 110 113 0 0 0 0 0 0 0 0 0 0 0 0 0 0 0 0 0 
25 27 30 34 39 45 50 54 58 63 68 73 77 81 85 89 95 100 105 110 112 116 120 0 0 0 0 0 0 0 0 0 0 0 0 0 0 0 0 
26 28 31 35 40 46 51 55 60 65 70 75 80 83 88 92 96 102 106 112 115 119 122 126 0 0 0 0 0 0 0 0 0 0 0 0 0 0 0 
27 29 32 36 41 47 53 57 61 66 71 78 81 85 91 94 98 103 108 114 117 122 125 129 133 0 0 0 0 0 0 0 0 0 0 0 0 0 0 
28 30 33 37 42 48 54 58 63 67 73 79 83 87 93 96 100 104 111 117 118 125 128 133 137 141 0 0 0 0 0 0 0 0 0 0 0 0 0 
29 31 34 38 43 49 56 60 64 69 75 81 85 89 95 97 103 108 114 119 121 128 129 136 140 145 148 0 0 0 0 0 0 0 0 0 0 0 0 
30 32 35 39 44 50 57 61 66 71 76 82 86 91 96 100 104 111 116 121 125 130 134 138 143 148 151 155 0 0 0 0 0 0 0 0 0 0 0 
31 33 36 40 45 51 58 63 67 72 77 84 88 93 98 102 107 114 118 123 127 132 138 141 147 151 151 158 163 0 0 0 0 0 0 0 0 0 0 
32 34 37 41 46 52 59 64 69 74 79 85 90 95 100 105 109 115 120 125 129 135 141 144 150 154 156 162 166 170 0 0 0 0 0 0 0 0 0 
33 35 38 42 47 53 60 66 70 75 81 87 92 97 102 107 112 117 123 127 132 138 144 147 153 157 160 167 170 175 186 0 0 0 0 0 0 0 0 
34 36 39 43 48 54 61 67 72 77 82 87 94 99 104 109 111 119 125 130 134 140 147 150 156 160 163 170 175 187 191 195 0 0 0 0 0 0 0 
35 37 40 44 49 55 62 69 73 78 84 90 95 101 106 111 115 120 124 130 136 143 149 153 158 162 166 174 180 189 194 198 202 0 0 0 0 0 0 
36 38 41 45 50 56 63 70 75 80 85 91 98 103 108 113 118 121 128 134 136 145 152 156 161 165 170 177 183 192 196 200 204 207 0 0 0 0 0 
37 39 42 46 51 57 64 71 76 81 87 93 99 105 110 115 121 125 131 136 139 147 154 151 163 168 173 180 186 194 198 202 207 210 214 0 0 0 0 
38 40 43 47 52 58 65 72 78 83 88 94 101 106 112 117 123 128 133 139 142 148 156 156 164 170 176 182 188 196 200 205 208 213 217 221 0 0 0 
39 41 44 48 53 59 66 74 79 84 90 95 102 108 114 120 125 129 133 140 143 152 158 160 167 171 177 182 190 200 203 208 211 216 220 224 228 0 0 
40 42 45 49 54 60 67 75 81 86 91 97 103 110 116 122 127 132 136 143 146 154 160 163 170 169 181 187 192 203 205 211 215 219 224 227 233 237 0 
41 43 46 50 55 61 68 76 82 87 93 99 105 111 116 123 130 134 138 147 150 156 162 166 173 175 184 189 194 205 207 210 218 222 227 231 236 241 239 
