3 0 0 0 0 0 0 0 0 0 0 0 0 0 0 0 0 0 0 0 0 0 0 0 0 0 0 0 0 0 0 0 0 0 0 0 0 0 0 
4 6 0 0 0 0 0 0 0 0 0 0 0 0 0 0 0 0 0 0 0 0 0 0 0 0 0 0 0 0 0 0 0 0 0 0 0 0 0 
5 7 9 0 0 0 0 0 0 0 0 0 0 0 0 0 0 0 0 0 0 0 0 0 0 0 0 0 0 0 0 0 0 0 0 0 0 0 0 
6 8 10 12 0 0 0 0 0 0 0 0 0 0 0 0 0 0 0 0 0 0 0 0 0 0 0 0 0 0 0 0 0 0 0 0 0 0 0 
7 9 12 14 16 0 0 0 0 0 0 0 0 0 0 0 0 0 0 0 0 0 0 0 0 0 0 0 0 0 0 0 0 0 0 0 0 0 0 
8 10 13 15 18 21 0 0 0 0 0 0 0 0 0 0 0 0 0 0 0 0 0 0 0 0 0 0 0 0 0 0 0 0 0 0 0 0 0 
9 11 14 17 19 22 24 0 0 0 0 0 0 0 0 0 0 0 0 0 0 0 0 0 0 0 0 0 0 0 0 0 0 0 0 0 0 0 0 
10 12 15 18 21 24 26 29 0 0 0 0 0 0 0 0 0 0 0 0 0 0 0 0 0 0 0 0 0 0 0 0 0 0 0 0 0 0 0 
11 13 16 20 22 25 28 31 34 0 0 0 0 0 0 0 0 0 0 0 0 0 0 0 0 0 0 0 0 0 0 0 0 0 0 0 0 0 0 
12 14 17 20 24 27 30 33 36 39 0 0 0 0 0 0 0 0 0 0 0 0 0 0 0 0 0 0 0 0 0 0 0 0 0 0 0 0 0 
13 15 18 22 25 28 32 36 39 42 45 0 0 0 0 0 0 0 0 0 0 0 0 0 0 0 0 0 0 0 0 0 0 0 0 0 0 0 0 
14 16 19 23 27 30 33 37 40 44 48 52 0 0 0 0 0 0 0 0 0 0 0 0 0 0 0 0 0 0 0 0 0 0 0 0 0 0 0 
15 17 20 24 28 31 35 39 42 45 49 53 55 0 0 0 0 0 0 0 0 0 0 0 0 0 0 0 0 0 0 0 0 0 0 0 0 0 0 
16 18 21 25 30 33 36 40 44 47 50 55 57 61 0 0 0 0 0 0 0 0 0 0 0 0 0 0 0 0 0 0 0 0 0 0 0 0 0 
17 19 22 26 31 34 38 42 46 50 53 56 59 64 67 0 0 0 0 0 0 0 0 0 0 0 0 0 0 0 0 0 0 0 0 0 0 0 0 
18 20 23 27 32 36 39 43 47 51 55 59 63 67 70 74 0 0 0 0 0 0 0 0 0 0 0 0 0 0 0 0 0 0 0 0 0 0 0 
19 21 24 28 33 37 41 45 49 53 57 61 64 69 73 77 81 0 0 0 0 0 0 0 0 0 0 0 0 0 0 0 0 0 0 0 0 0 0 
20 22 25 29 34 39 42 46 51 55 59 63 66 72 76 80 84 88 0 0 0 0 0 0 0 0 0 0 0 0 0 0 0 0 0 0 0 0 0 
21 23 26 30 35 40 44 48 52 57 61 65 69 75 80 84 88 92 96 0 0 0 0 0 0 0 0 0 0 0 0 0 0 0 0 0 0 0 0 
22 24 27 31 36 42 45 49 54 59 63 67 71 75 81 85 90 95 100 105 0 0 0 0 0 0 0 0 0 0 0 0 0 0 0 0 0 0 0 
23 25 28 32 37 43 47 51 55 60 64 69 73 77 83 87 91 96 101 106 108 0 0 0 0 0 0 0 0 0 0 0 0 0 0 0 0 0 0 
24 26 29 33 38 43 48 52 57 62 66 70 75 79 85 89 93 98 103 108 110 113 0 0 0 0 0 0 0 0 0 0 0 0 0 0 0 0 0 
25 27 30 34 39 45 50 54 58 63 68 73 77 81 83 90 95 100 105 110 113 116 120 0 0 0 0 0 0 0 0 0 0 0 0 0 0 0 0 
26 28 31 35 40 46 51 55 60 65 69 75 79 83 88 93 96 102 107 112 116 121 126 130 0 0 0 0 0 0 0 0 0 0 0 0 0 0 0 
27 29 32 36 41 46 53 57 61 66 71 78 82 86 90 94 98 102 108 112 117 121 125 128 132 0 0 0 0 0 0 0 0 0 0 0 0 0 0 
28 30 33 36 42 48 54 58 63 67 73 78 83 87 91 96 100 106 111 116 119 125 129 133 137 141 0 0 0 0 0 0 0 0 0 0 0 0 0 
29 31 34 38 43 49 56 60 64 69 74 80 85 90 95 96 103 108 113 117 122 126 130 135 139 143 147 0 0 0 0 0 0 0 0 0 0 0 0 
30 32 35 39 44 50 56 61 66 71 76 82 87 92 96 101 104 110 116 120 124 125 131 138 150 155 160 165 0 0 0 0 0 0 0 0 0 0 0 
31 33 36 40 45 51 58 63 67 72 77 84 88 93 98 102 108 113 117 122 127 131 135 141 153 159 165 170 175 0 0 0 0 0 0 0 0 0 0 
32 34 37 41 46 52 59 64 69 74 79 85 90 96 101 105 110 112 119 125 130 135 140 145 156 162 168 174 180 186 0 0 0 0 0 0 0 0 0 
33 35 38 42 47 53 60 66 70 75 81 86 92 97 102 107 113 118 123 127 131 137 141 146 157 163 169 175 181 187 189 0 0 0 0 0 0 0 0 
34 36 39 43 48 54 60 67 72 77 82 88 93 98 105 110 112 118 125 131 136 142 147 152 159 164 170 175 183 189 191 194 0 0 0 0 0 0 0 
35 37 40 44 49 55 62 69 73 78 84 89 95 101 106 112 117 121 124 130 136 143 148 153 161 166 172 178 186 192 194 197 200 0 0 0 0 0 0 
36 38 41 45 50 56 63 70 75 80 85 91 96 103 109 114 119 121 128 134 139 146 151 156 164 169 174 179 188 194 196 200 203 207 0 0 0 0 0 
37 39 42 46 51 57 64 72 76 81 87 93 99 106 111 116 121 126 130 136 142 148 153 154 164 170 176 182 190 196 199 201 206 211 215 0 0 0 0 
38 40 43 47 52 58 64 72 78 83 88 94 100 108 113 118 123 127 132 138 144 150 155 160 161 168 176 181 192 197 201 204 208 214 217 222 0 0 0 
39 41 44 48 53 59 66 74 79 84 90 95 102 108 114 120 125 127 134 139 147 152 157 162 169 174 178 184 192 199 203 208 212 217 221 225 230 0 0 
40 42 45 49 54 60 67 75 81 86 91 97 103 110 117 122 127 132 138 143 149 154 159 164 171 172 181 187 193 201 205 210 214 219 223 229 233 239 0 
41 43 46 50 55 61 68 76 82 87 93 99 105 111 117 123 129 134 141 147 152 157 162 167 169 176 185 190 195 203 208 213 217 222 226 232 236 241 244 
