4 0 0 0 0 0 0 0 0 0 0 0 0 0 0 0 0 0 0 0 0 0 0 0 0 0 0 0 0 0 0 0 0 0 0 0 0 0 0 
6 9 0 0 0 0 0 0 0 0 0 0 0 0 0 0 0 0 0 0 0 0 0 0 0 0 0 0 0 0 0 0 0 0 0 0 0 0 0 
8 12 15 0 0 0 0 0 0 0 0 0 0 0 0 0 0 0 0 0 0 0 0 0 0 0 0 0 0 0 0 0 0 0 0 0 0 0 0 
10 15 18 22 0 0 0 0 0 0 0 0 0 0 0 0 0 0 0 0 0 0 0 0 0 0 0 0 0 0 0 0 0 0 0 0 0 0 0 
12 18 21 26 31 0 0 0 0 0 0 0 0 0 0 0 0 0 0 0 0 0 0 0 0 0 0 0 0 0 0 0 0 0 0 0 0 0 0 
14 21 24 30 36 42 0 0 0 0 0 0 0 0 0 0 0 0 0 0 0 0 0 0 0 0 0 0 0 0 0 0 0 0 0 0 0 0 0 
16 24 27 33 39 45 51 0 0 0 0 0 0 0 0 0 0 0 0 0 0 0 0 0 0 0 0 0 0 0 0 0 0 0 0 0 0 0 0 
18 27 30 37 43 49 55 61 0 0 0 0 0 0 0 0 0 0 0 0 0 0 0 0 0 0 0 0 0 0 0 0 0 0 0 0 0 0 0 
20 30 33 41 47 54 60 66 73 0 0 0 0 0 0 0 0 0 0 0 0 0 0 0 0 0 0 0 0 0 0 0 0 0 0 0 0 0 0 
22 33 36 45 51 58 65 72 78 85 0 0 0 0 0 0 0 0 0 0 0 0 0 0 0 0 0 0 0 0 0 0 0 0 0 0 0 0 0 
24 36 39 48 55 63 70 77 85 90 97 0 0 0 0 0 0 0 0 0 0 0 0 0 0 0 0 0 0 0 0 0 0 0 0 0 0 0 0 
26 39 42 52 59 67 75 82 92 97 104 111 0 0 0 0 0 0 0 0 0 0 0 0 0 0 0 0 0 0 0 0 0 0 0 0 0 0 0 
28 42 45 56 63 72 80 87 97 104 109 118 124 0 0 0 0 0 0 0 0 0 0 0 0 0 0 0 0 0 0 0 0 0 0 0 0 0 0 
30 45 48 60 67 77 85 92 102 109 117 124 132 139 0 0 0 0 0 0 0 0 0 0 0 0 0 0 0 0 0 0 0 0 0 0 0 0 0 
32 48 51 63 71 82 89 98 109 115 122 131 140 146 154 0 0 0 0 0 0 0 0 0 0 0 0 0 0 0 0 0 0 0 0 0 0 0 0 
34 51 54 66 75 87 95 104 113 121 129 138 146 155 162 170 0 0 0 0 0 0 0 0 0 0 0 0 0 0 0 0 0 0 0 0 0 0 0 
36 54 57 69 78 90 99 108 119 126 134 144 152 161 170 177 187 0 0 0 0 0 0 0 0 0 0 0 0 0 0 0 0 0 0 0 0 0 0 
38 57 60 72 82 95 104 113 124 133 142 150 159 167 178 186 194 202 0 0 0 0 0 0 0 0 0 0 0 0 0 0 0 0 0 0 0 0 0 
40 60 63 75 86 100 108 118 127 137 148 157 166 176 186 194 201 211 221 0 0 0 0 0 0 0 0 0 0 0 0 0 0 0 0 0 0 0 0 
42 63 66 78 90 105 113 123 132 144 153 163 173 182 193 201 211 220 228 238 0 0 0 0 0 0 0 0 0 0 0 0 0 0 0 0 0 0 0 
44 66 69 81 93 108 118 128 137 149 159 169 179 189 199 208 219 227 237 246 256 0 0 0 0 0 0 0 0 0 0 0 0 0 0 0 0 0 0 
46 69 72 84 97 112 122 133 143 154 165 174 186 196 205 218 227 237 247 255 265 274 0 0 0 0 0 0 0 0 0 0 0 0 0 0 0 0 0 
48 72 75 87 101 116 126 138 148 159 172 181 193 203 213 223 233 245 254 263 277 283 294 0 0 0 0 0 0 0 0 0 0 0 0 0 0 0 0 
50 75 78 90 105 120 131 143 152 165 176 189 198 209 220 231 241 252 261 273 282 294 304 314 0 0 0 0 0 0 0 0 0 0 0 0 0 0 0 
52 78 81 93 108 123 135 146 160 170 182 193 205 216 228 239 249 260 270 282 293 301 313 322 334 0 0 0 0 0 0 0 0 0 0 0 0 0 0 
54 81 84 96 112 127 140 152 164 176 187 200 211 224 233 247 257 269 280 289 301 312 321 334 342 354 0 0 0 0 0 0 0 0 0 0 0 0 0 
56 84 87 99 116 131 144 156 169 181 194 207 218 231 242 253 264 276 287 299 309 321 330 344 354 364 374 0 0 0 0 0 0 0 0 0 0 0 0 
58 87 90 102 120 134 148 161 173 187 198 211 224 237 249 261 271 284 295 307 318 329 341 352 364 375 385 396 0 0 0 0 0 0 0 0 0 0 0 
60 90 93 105 123 138 152 165 180 192 204 216 229 242 255 267 280 293 304 315 327 338 351 361 374 384 395 406 419 0 0 0 0 0 0 0 0 0 0 
0 0 0 0 0 0 0 0 0 0 0 0 0 0 0 0 0 0 0 0 0 0 0 0 0 0 0 0 0 0 0 0 0 0 0 0 0 0 0 
0 0 0 0 0 0 0 0 0 0 0 0 0 0 0 0 0 0 0 0 0 0 0 0 0 0 0 0 0 0 0 0 0 0 0 0 0 0 0 
0 0 0 0 0 0 0 0 0 0 0 0 0 0 0 0 0 0 0 0 0 0 0 0 0 0 0 0 0 0 0 0 0 0 0 0 0 0 0 
0 0 0 0 0 0 0 0 0 0 0 0 0 0 0 0 0 0 0 0 0 0 0 0 0 0 0 0 0 0 0 0 0 0 0 0 0 0 0 
0 0 0 0 0 0 0 0 0 0 0 0 0 0 0 0 0 0 0 0 0 0 0 0 0 0 0 0 0 0 0 0 0 0 0 0 0 0 0 
0 0 0 0 0 0 0 0 0 0 0 0 0 0 0 0 0 0 0 0 0 0 0 0 0 0 0 0 0 0 0 0 0 0 0 0 0 0 0 
0 0 0 0 0 0 0 0 0 0 0 0 0 0 0 0 0 0 0 0 0 0 0 0 0 0 0 0 0 0 0 0 0 0 0 0 0 0 0 
0 0 0 0 0 0 0 0 0 0 0 0 0 0 0 0 0 0 0 0 0 0 0 0 0 0 0 0 0 0 0 0 0 0 0 0 0 0 0 
0 0 0 0 0 0 0 0 0 0 0 0 0 0 0 0 0 0 0 0 0 0 0 0 0 0 0 0 0 0 0 0 0 0 0 0 0 0 0 
0 0 0 0 0 0 0 0 0 0 0 0 0 0 0 0 0 0 0 0 0 0 0 0 0 0 0 0 0 0 0 0 0 0 0 0 0 0 0 
