4 0 0 0 0 0 0 0 0 0 0 0 0 0 0 0 0 0 0 0 0 0 0 0 0 0 0 0 0 0 0 0 0 0 0 0 0 0 0 
6 9 0 0 0 0 0 0 0 0 0 0 0 0 0 0 0 0 0 0 0 0 0 0 0 0 0 0 0 0 0 0 0 0 0 0 0 0 0 
8 12 15 0 0 0 0 0 0 0 0 0 0 0 0 0 0 0 0 0 0 0 0 0 0 0 0 0 0 0 0 0 0 0 0 0 0 0 0 
10 15 18 22 0 0 0 0 0 0 0 0 0 0 0 0 0 0 0 0 0 0 0 0 0 0 0 0 0 0 0 0 0 0 0 0 0 0 0 
12 18 21 26 31 0 0 0 0 0 0 0 0 0 0 0 0 0 0 0 0 0 0 0 0 0 0 0 0 0 0 0 0 0 0 0 0 0 0 
14 21 24 30 36 42 0 0 0 0 0 0 0 0 0 0 0 0 0 0 0 0 0 0 0 0 0 0 0 0 0 0 0 0 0 0 0 0 0 
16 24 27 33 39 45 51 0 0 0 0 0 0 0 0 0 0 0 0 0 0 0 0 0 0 0 0 0 0 0 0 0 0 0 0 0 0 0 0 
18 27 30 37 43 49 55 61 0 0 0 0 0 0 0 0 0 0 0 0 0 0 0 0 0 0 0 0 0 0 0 0 0 0 0 0 0 0 0 
20 30 33 41 47 54 60 67 73 0 0 0 0 0 0 0 0 0 0 0 0 0 0 0 0 0 0 0 0 0 0 0 0 0 0 0 0 0 0 
22 33 36 45 51 58 65 72 78 86 0 0 0 0 0 0 0 0 0 0 0 0 0 0 0 0 0 0 0 0 0 0 0 0 0 0 0 0 0 
24 36 39 48 55 63 70 77 83 92 97 0 0 0 0 0 0 0 0 0 0 0 0 0 0 0 0 0 0 0 0 0 0 0 0 0 0 0 0 
26 39 42 50 59 67 75 82 89 96 104 111 0 0 0 0 0 0 0 0 0 0 0 0 0 0 0 0 0 0 0 0 0 0 0 0 0 0 0 
28 42 45 56 63 72 79 88 96 104 110 118 125 0 0 0 0 0 0 0 0 0 0 0 0 0 0 0 0 0 0 0 0 0 0 0 0 0 0 
30 45 48 60 67 77 85 93 100 109 117 125 132 139 0 0 0 0 0 0 0 0 0 0 0 0 0 0 0 0 0 0 0 0 0 0 0 0 0 
32 48 51 63 70 82 90 99 107 115 123 130 139 147 154 0 0 0 0 0 0 0 0 0 0 0 0 0 0 0 0 0 0 0 0 0 0 0 0 
34 51 54 65 74 87 94 103 113 121 129 137 147 154 163 170 0 0 0 0 0 0 0 0 0 0 0 0 0 0 0 0 0 0 0 0 0 0 0 
36 54 57 69 78 90 99 108 117 127 135 143 152 161 169 178 185 0 0 0 0 0 0 0 0 0 0 0 0 0 0 0 0 0 0 0 0 0 0 
38 57 60 72 82 95 103 113 123 132 141 149 159 169 178 187 195 203 0 0 0 0 0 0 0 0 0 0 0 0 0 0 0 0 0 0 0 0 0 
40 60 63 75 86 100 109 118 127 137 146 156 167 177 185 194 202 211 219 0 0 0 0 0 0 0 0 0 0 0 0 0 0 0 0 0 0 0 0 
42 63 66 78 89 105 113 122 132 144 154 162 172 182 192 201 210 220 229 237 0 0 0 0 0 0 0 0 0 0 0 0 0 0 0 0 0 0 0 
44 66 69 81 93 108 117 126 137 148 159 169 179 189 199 210 219 228 238 247 256 0 0 0 0 0 0 0 0 0 0 0 0 0 0 0 0 0 0 
46 69 72 84 97 112 122 132 143 154 165 175 185 197 206 217 227 236 247 255 265 273 0 0 0 0 0 0 0 0 0 0 0 0 0 0 0 0 0 
48 72 75 87 101 115 126 137 148 160 170 181 193 202 213 224 234 244 255 265 275 284 293 0 0 0 0 0 0 0 0 0 0 0 0 0 0 0 0 
50 75 78 90 105 119 130 142 154 164 176 188 198 209 221 232 242 253 263 272 282 294 303 313 0 0 0 0 0 0 0 0 0 0 0 0 0 0 0 
52 78 81 93 108 123 135 147 158 170 182 192 205 216 226 239 249 261 270 280 291 303 314 324 334 0 0 0 0 0 0 0 0 0 0 0 0 0 0 
54 81 84 96 112 127 139 151 163 175 188 199 212 222 234 246 256 268 280 289 300 312 321 333 343 354 0 0 0 0 0 0 0 0 0 0 0 0 0 
56 84 87 99 114 130 143 155 169 180 193 205 217 230 242 251 265 277 288 299 309 321 332 342 356 364 375 0 0 0 0 0 0 0 0 0 0 0 0 
58 87 90 102 119 134 147 161 174 186 199 212 224 236 249 260 272 285 295 307 318 329 341 351 363 375 385 395 0 0 0 0 0 0 0 0 0 0 0 
60 90 93 105 123 138 152 165 179 192 205 217 231 243 255 267 279 292 304 315 327 338 351 363 373 385 395 407 419 0 0 0 0 0 0 0 0 0 0 
0 0 0 0 0 0 0 0 0 0 0 0 0 0 0 0 0 0 0 0 0 0 0 0 0 0 0 0 0 0 0 0 0 0 0 0 0 0 0 
0 0 0 0 0 0 0 0 0 0 0 0 0 0 0 0 0 0 0 0 0 0 0 0 0 0 0 0 0 0 0 0 0 0 0 0 0 0 0 
0 0 0 0 0 0 0 0 0 0 0 0 0 0 0 0 0 0 0 0 0 0 0 0 0 0 0 0 0 0 0 0 0 0 0 0 0 0 0 
0 0 0 0 0 0 0 0 0 0 0 0 0 0 0 0 0 0 0 0 0 0 0 0 0 0 0 0 0 0 0 0 0 0 0 0 0 0 0 
0 0 0 0 0 0 0 0 0 0 0 0 0 0 0 0 0 0 0 0 0 0 0 0 0 0 0 0 0 0 0 0 0 0 0 0 0 0 0 
0 0 0 0 0 0 0 0 0 0 0 0 0 0 0 0 0 0 0 0 0 0 0 0 0 0 0 0 0 0 0 0 0 0 0 0 0 0 0 
0 0 0 0 0 0 0 0 0 0 0 0 0 0 0 0 0 0 0 0 0 0 0 0 0 0 0 0 0 0 0 0 0 0 0 0 0 0 0 
0 0 0 0 0 0 0 0 0 0 0 0 0 0 0 0 0 0 0 0 0 0 0 0 0 0 0 0 0 0 0 0 0 0 0 0 0 0 0 
0 0 0 0 0 0 0 0 0 0 0 0 0 0 0 0 0 0 0 0 0 0 0 0 0 0 0 0 0 0 0 0 0 0 0 0 0 0 0 
0 0 0 0 0 0 0 0 0 0 0 0 0 0 0 0 0 0 0 0 0 0 0 0 0 0 0 0 0 0 0 0 0 0 0 0 0 0 0 
