4 0 0 0 0 0 0 0 0 0 0 0 0 0 0 0 0 0 0 0 0 0 0 0 0 0 0 0 0 0 0 0 0 0 0 0 0 0 0 
6 9 0 0 0 0 0 0 0 0 0 0 0 0 0 0 0 0 0 0 0 0 0 0 0 0 0 0 0 0 0 0 0 0 0 0 0 0 0 
8 12 15 0 0 0 0 0 0 0 0 0 0 0 0 0 0 0 0 0 0 0 0 0 0 0 0 0 0 0 0 0 0 0 0 0 0 0 0 
10 15 18 22 0 0 0 0 0 0 0 0 0 0 0 0 0 0 0 0 0 0 0 0 0 0 0 0 0 0 0 0 0 0 0 0 0 0 0 
12 18 21 26 31 0 0 0 0 0 0 0 0 0 0 0 0 0 0 0 0 0 0 0 0 0 0 0 0 0 0 0 0 0 0 0 0 0 0 
14 21 24 30 36 42 0 0 0 0 0 0 0 0 0 0 0 0 0 0 0 0 0 0 0 0 0 0 0 0 0 0 0 0 0 0 0 0 0 
16 24 27 33 39 45 51 0 0 0 0 0 0 0 0 0 0 0 0 0 0 0 0 0 0 0 0 0 0 0 0 0 0 0 0 0 0 0 0 
18 27 30 37 43 49 55 61 0 0 0 0 0 0 0 0 0 0 0 0 0 0 0 0 0 0 0 0 0 0 0 0 0 0 0 0 0 0 0 
20 30 33 41 47 53 60 67 73 0 0 0 0 0 0 0 0 0 0 0 0 0 0 0 0 0 0 0 0 0 0 0 0 0 0 0 0 0 0 
22 33 36 45 51 58 65 72 78 84 0 0 0 0 0 0 0 0 0 0 0 0 0 0 0 0 0 0 0 0 0 0 0 0 0 0 0 0 0 
24 36 39 48 55 63 70 77 84 91 98 0 0 0 0 0 0 0 0 0 0 0 0 0 0 0 0 0 0 0 0 0 0 0 0 0 0 0 0 
26 39 42 52 59 67 75 82 90 98 104 111 0 0 0 0 0 0 0 0 0 0 0 0 0 0 0 0 0 0 0 0 0 0 0 0 0 0 0 
28 42 45 56 63 72 80 87 97 104 111 117 124 0 0 0 0 0 0 0 0 0 0 0 0 0 0 0 0 0 0 0 0 0 0 0 0 0 0 
30 45 48 60 67 77 85 93 103 109 117 124 133 138 0 0 0 0 0 0 0 0 0 0 0 0 0 0 0 0 0 0 0 0 0 0 0 0 0 
32 48 51 63 71 82 90 99 108 114 123 131 140 146 155 0 0 0 0 0 0 0 0 0 0 0 0 0 0 0 0 0 0 0 0 0 0 0 0 
34 51 54 66 75 87 95 104 111 121 129 138 145 154 162 170 0 0 0 0 0 0 0 0 0 0 0 0 0 0 0 0 0 0 0 0 0 0 0 
36 54 57 69 78 90 99 108 118 127 135 144 153 161 170 177 186 0 0 0 0 0 0 0 0 0 0 0 0 0 0 0 0 0 0 0 0 0 0 
38 57 60 72 82 95 104 113 122 133 141 151 159 169 176 186 194 204 0 0 0 0 0 0 0 0 0 0 0 0 0 0 0 0 0 0 0 0 0 
40 60 63 75 86 100 109 118 128 137 146 156 167 175 184 193 202 212 219 0 0 0 0 0 0 0 0 0 0 0 0 0 0 0 0 0 0 0 0 
42 63 66 78 90 105 114 123 132 144 153 164 172 183 192 201 210 220 228 238 0 0 0 0 0 0 0 0 0 0 0 0 0 0 0 0 0 0 0 
44 66 69 81 93 108 118 127 138 149 158 170 179 188 199 209 220 227 237 248 256 0 0 0 0 0 0 0 0 0 0 0 0 0 0 0 0 0 0 
46 69 72 84 97 112 122 132 144 155 165 177 186 196 206 216 228 237 246 255 265 274 0 0 0 0 0 0 0 0 0 0 0 0 0 0 0 0 0 
48 72 75 87 101 116 126 137 149 160 171 180 193 203 213 223 232 244 254 265 274 283 294 0 0 0 0 0 0 0 0 0 0 0 0 0 0 0 0 
50 75 78 90 104 120 131 141 153 165 177 187 198 208 220 231 242 252 263 272 282 292 303 313 0 0 0 0 0 0 0 0 0 0 0 0 0 0 0 
52 78 81 93 108 123 135 146 159 172 182 193 205 217 226 239 249 260 272 284 292 303 312 322 334 0 0 0 0 0 0 0 0 0 0 0 0 0 0 
54 81 84 96 112 127 139 152 165 175 188 199 211 222 235 246 257 268 281 290 300 312 322 332 344 352 0 0 0 0 0 0 0 0 0 0 0 0 0 
56 84 87 99 116 131 143 157 169 180 193 205 217 230 242 252 264 276 288 298 310 321 331 343 354 365 376 0 0 0 0 0 0 0 0 0 0 0 0 
58 87 90 102 120 134 148 160 173 186 199 211 225 236 248 260 272 284 295 306 317 330 341 351 363 376 385 398 0 0 0 0 0 0 0 0 0 0 0 
60 90 93 105 123 138 152 165 179 193 204 217 229 242 256 267 279 292 304 315 328 340 351 363 373 385 396 408 418 0 0 0 0 0 0 0 0 0 0 
0 0 0 0 0 0 0 0 0 0 0 0 0 0 0 0 0 0 0 0 0 0 0 0 0 0 0 0 0 0 0 0 0 0 0 0 0 0 0 
0 0 0 0 0 0 0 0 0 0 0 0 0 0 0 0 0 0 0 0 0 0 0 0 0 0 0 0 0 0 0 0 0 0 0 0 0 0 0 
0 0 0 0 0 0 0 0 0 0 0 0 0 0 0 0 0 0 0 0 0 0 0 0 0 0 0 0 0 0 0 0 0 0 0 0 0 0 0 
0 0 0 0 0 0 0 0 0 0 0 0 0 0 0 0 0 0 0 0 0 0 0 0 0 0 0 0 0 0 0 0 0 0 0 0 0 0 0 
0 0 0 0 0 0 0 0 0 0 0 0 0 0 0 0 0 0 0 0 0 0 0 0 0 0 0 0 0 0 0 0 0 0 0 0 0 0 0 
0 0 0 0 0 0 0 0 0 0 0 0 0 0 0 0 0 0 0 0 0 0 0 0 0 0 0 0 0 0 0 0 0 0 0 0 0 0 0 
0 0 0 0 0 0 0 0 0 0 0 0 0 0 0 0 0 0 0 0 0 0 0 0 0 0 0 0 0 0 0 0 0 0 0 0 0 0 0 
0 0 0 0 0 0 0 0 0 0 0 0 0 0 0 0 0 0 0 0 0 0 0 0 0 0 0 0 0 0 0 0 0 0 0 0 0 0 0 
0 0 0 0 0 0 0 0 0 0 0 0 0 0 0 0 0 0 0 0 0 0 0 0 0 0 0 0 0 0 0 0 0 0 0 0 0 0 0 
0 0 0 0 0 0 0 0 0 0 0 0 0 0 0 0 0 0 0 0 0 0 0 0 0 0 0 0 0 0 0 0 0 0 0 0 0 0 0 
