4 0 0 0 0 0 0 0 0 0 0 0 0 0 0 0 0 0 0 0 0 0 0 0 0 0 0 0 0 0 0 0 0 0 0 0 0 0 0 
6 9 0 0 0 0 0 0 0 0 0 0 0 0 0 0 0 0 0 0 0 0 0 0 0 0 0 0 0 0 0 0 0 0 0 0 0 0 0 
8 12 15 0 0 0 0 0 0 0 0 0 0 0 0 0 0 0 0 0 0 0 0 0 0 0 0 0 0 0 0 0 0 0 0 0 0 0 0 
10 15 18 22 0 0 0 0 0 0 0 0 0 0 0 0 0 0 0 0 0 0 0 0 0 0 0 0 0 0 0 0 0 0 0 0 0 0 0 
12 18 21 26 31 0 0 0 0 0 0 0 0 0 0 0 0 0 0 0 0 0 0 0 0 0 0 0 0 0 0 0 0 0 0 0 0 0 0 
14 21 24 30 36 42 0 0 0 0 0 0 0 0 0 0 0 0 0 0 0 0 0 0 0 0 0 0 0 0 0 0 0 0 0 0 0 0 0 
16 24 27 33 39 45 51 0 0 0 0 0 0 0 0 0 0 0 0 0 0 0 0 0 0 0 0 0 0 0 0 0 0 0 0 0 0 0 0 
18 27 30 37 43 49 55 61 0 0 0 0 0 0 0 0 0 0 0 0 0 0 0 0 0 0 0 0 0 0 0 0 0 0 0 0 0 0 0 
20 30 33 41 47 54 60 66 73 0 0 0 0 0 0 0 0 0 0 0 0 0 0 0 0 0 0 0 0 0 0 0 0 0 0 0 0 0 0 
22 33 36 45 51 58 65 72 79 85 0 0 0 0 0 0 0 0 0 0 0 0 0 0 0 0 0 0 0 0 0 0 0 0 0 0 0 0 0 
24 36 39 48 55 63 70 77 83 92 97 0 0 0 0 0 0 0 0 0 0 0 0 0 0 0 0 0 0 0 0 0 0 0 0 0 0 0 0 
26 39 42 52 59 67 75 82 90 97 104 112 0 0 0 0 0 0 0 0 0 0 0 0 0 0 0 0 0 0 0 0 0 0 0 0 0 0 0 
28 42 45 56 63 72 80 88 97 104 110 120 124 0 0 0 0 0 0 0 0 0 0 0 0 0 0 0 0 0 0 0 0 0 0 0 0 0 0 
30 45 48 60 67 77 85 93 103 109 117 124 131 138 0 0 0 0 0 0 0 0 0 0 0 0 0 0 0 0 0 0 0 0 0 0 0 0 0 
32 48 51 63 71 82 89 99 109 116 123 130 139 145 154 0 0 0 0 0 0 0 0 0 0 0 0 0 0 0 0 0 0 0 0 0 0 0 0 
34 51 54 66 75 87 95 103 112 120 129 138 145 154 163 170 0 0 0 0 0 0 0 0 0 0 0 0 0 0 0 0 0 0 0 0 0 0 0 
36 54 57 69 78 90 98 108 119 127 135 144 153 161 170 177 188 0 0 0 0 0 0 0 0 0 0 0 0 0 0 0 0 0 0 0 0 0 0 
38 57 60 72 82 95 104 113 124 134 141 150 159 168 177 187 196 203 0 0 0 0 0 0 0 0 0 0 0 0 0 0 0 0 0 0 0 0 0 
40 60 63 75 86 100 108 118 130 138 147 156 167 176 184 193 202 210 221 0 0 0 0 0 0 0 0 0 0 0 0 0 0 0 0 0 0 0 0 
42 63 66 78 90 105 114 123 133 143 153 163 174 182 192 202 210 220 228 237 0 0 0 0 0 0 0 0 0 0 0 0 0 0 0 0 0 0 0 
44 66 69 81 93 108 118 127 139 149 159 170 179 189 199 208 219 228 236 246 258 0 0 0 0 0 0 0 0 0 0 0 0 0 0 0 0 0 0 
46 69 72 84 97 112 122 133 143 154 165 175 186 196 206 218 226 235 247 254 265 273 0 0 0 0 0 0 0 0 0 0 0 0 0 0 0 0 0 
48 72 75 87 101 116 126 137 148 159 170 181 192 203 213 223 234 243 253 263 275 284 295 0 0 0 0 0 0 0 0 0 0 0 0 0 0 0 0 
50 75 78 90 105 120 131 142 154 165 177 188 198 209 220 231 242 251 261 274 283 292 304 313 0 0 0 0 0 0 0 0 0 0 0 0 0 0 0 
52 78 81 93 108 123 135 146 159 170 182 193 204 217 226 239 250 261 270 283 292 303 313 323 334 0 0 0 0 0 0 0 0 0 0 0 0 0 0 
54 81 84 96 112 127 139 151 165 175 188 199 211 223 233 246 257 268 280 289 301 313 322 333 343 353 0 0 0 0 0 0 0 0 0 0 0 0 0 
56 84 87 99 116 131 143 156 168 180 193 205 219 230 242 252 265 277 288 300 310 321 331 344 352 364 376 0 0 0 0 0 0 0 0 0 0 0 0 
58 87 90 102 120 134 148 161 174 186 199 211 223 235 249 260 272 284 294 308 318 330 340 351 362 373 386 397 0 0 0 0 0 0 0 0 0 0 0 
60 90 93 105 123 138 152 164 179 193 205 217 229 243 255 266 280 291 305 315 328 340 350 362 374 384 396 407 418 0 0 0 0 0 0 0 0 0 0 
0 0 0 0 0 0 0 0 0 0 0 0 0 0 0 0 0 0 0 0 0 0 0 0 0 0 0 0 0 0 0 0 0 0 0 0 0 0 0 
0 0 0 0 0 0 0 0 0 0 0 0 0 0 0 0 0 0 0 0 0 0 0 0 0 0 0 0 0 0 0 0 0 0 0 0 0 0 0 
0 0 0 0 0 0 0 0 0 0 0 0 0 0 0 0 0 0 0 0 0 0 0 0 0 0 0 0 0 0 0 0 0 0 0 0 0 0 0 
0 0 0 0 0 0 0 0 0 0 0 0 0 0 0 0 0 0 0 0 0 0 0 0 0 0 0 0 0 0 0 0 0 0 0 0 0 0 0 
0 0 0 0 0 0 0 0 0 0 0 0 0 0 0 0 0 0 0 0 0 0 0 0 0 0 0 0 0 0 0 0 0 0 0 0 0 0 0 
0 0 0 0 0 0 0 0 0 0 0 0 0 0 0 0 0 0 0 0 0 0 0 0 0 0 0 0 0 0 0 0 0 0 0 0 0 0 0 
0 0 0 0 0 0 0 0 0 0 0 0 0 0 0 0 0 0 0 0 0 0 0 0 0 0 0 0 0 0 0 0 0 0 0 0 0 0 0 
0 0 0 0 0 0 0 0 0 0 0 0 0 0 0 0 0 0 0 0 0 0 0 0 0 0 0 0 0 0 0 0 0 0 0 0 0 0 0 
0 0 0 0 0 0 0 0 0 0 0 0 0 0 0 0 0 0 0 0 0 0 0 0 0 0 0 0 0 0 0 0 0 0 0 0 0 0 0 
0 0 0 0 0 0 0 0 0 0 0 0 0 0 0 0 0 0 0 0 0 0 0 0 0 0 0 0 0 0 0 0 0 0 0 0 0 0 0 
