4 0 0 0 0 0 0 0 0 0 0 0 0 0 0 0 0 0 0 0 0 0 0 0 0 0 0 0 0 0 0 0 0 0 0 0 0 0 0 
6 8 0 0 0 0 0 0 0 0 0 0 0 0 0 0 0 0 0 0 0 0 0 0 0 0 0 0 0 0 0 0 0 0 0 0 0 0 0 
8 10 13 0 0 0 0 0 0 0 0 0 0 0 0 0 0 0 0 0 0 0 0 0 0 0 0 0 0 0 0 0 0 0 0 0 0 0 0 
10 12 16 20 0 0 0 0 0 0 0 0 0 0 0 0 0 0 0 0 0 0 0 0 0 0 0 0 0 0 0 0 0 0 0 0 0 0 0 
12 14 18 22 26 0 0 0 0 0 0 0 0 0 0 0 0 0 0 0 0 0 0 0 0 0 0 0 0 0 0 0 0 0 0 0 0 0 0 
14 16 21 25 29 33 0 0 0 0 0 0 0 0 0 0 0 0 0 0 0 0 0 0 0 0 0 0 0 0 0 0 0 0 0 0 0 0 0 
16 18 24 28 32 37 42 0 0 0 0 0 0 0 0 0 0 0 0 0 0 0 0 0 0 0 0 0 0 0 0 0 0 0 0 0 0 0 0 
18 20 26 30 36 40 45 49 0 0 0 0 0 0 0 0 0 0 0 0 0 0 0 0 0 0 0 0 0 0 0 0 0 0 0 0 0 0 0 
20 22 28 33 39 44 50 54 60 0 0 0 0 0 0 0 0 0 0 0 0 0 0 0 0 0 0 0 0 0 0 0 0 0 0 0 0 0 0 
22 24 30 36 42 47 53 59 64 69 0 0 0 0 0 0 0 0 0 0 0 0 0 0 0 0 0 0 0 0 0 0 0 0 0 0 0 0 0 
24 26 32 38 45 50 57 64 68 74 80 0 0 0 0 0 0 0 0 0 0 0 0 0 0 0 0 0 0 0 0 0 0 0 0 0 0 0 0 
26 28 34 41 48 53 59 67 71 80 86 92 0 0 0 0 0 0 0 0 0 0 0 0 0 0 0 0 0 0 0 0 0 0 0 0 0 0 0 
28 30 36 44 50 56 63 69 75 84 91 98 105 0 0 0 0 0 0 0 0 0 0 0 0 0 0 0 0 0 0 0 0 0 0 0 0 0 0 
30 32 38 46 53 59 66 72 79 88 96 104 112 120 0 0 0 0 0 0 0 0 0 0 0 0 0 0 0 0 0 0 0 0 0 0 0 0 0 
32 34 40 49 56 62 70 77 82 91 98 107 115 123 127 0 0 0 0 0 0 0 0 0 0 0 0 0 0 0 0 0 0 0 0 0 0 0 0 
34 36 42 52 58 66 74 81 90 96 102 107 118 126 131 135 0 0 0 0 0 0 0 0 0 0 0 0 0 0 0 0 0 0 0 0 0 0 0 
36 38 44 54 61 68 77 83 91 101 108 113 124 132 137 134 145 0 0 0 0 0 0 0 0 0 0 0 0 0 0 0 0 0 0 0 0 0 0 
38 40 46 57 64 72 81 89 98 106 114 119 120 133 140 148 155 161 0 0 0 0 0 0 0 0 0 0 0 0 0 0 0 0 0 0 0 0 0 
40 42 48 60 66 74 84 92 102 111 120 119 130 139 138 148 152 157 164 0 0 0 0 0 0 0 0 0 0 0 0 0 0 0 0 0 0 0 0 
42 44 50 61 69 77 86 95 106 116 126 131 136 141 150 156 156 162 169 177 0 0 0 0 0 0 0 0 0 0 0 0 0 0 0 0 0 0 0 
44 46 52 64 72 80 89 97 108 121 132 137 141 146 148 156 163 170 174 182 189 0 0 0 0 0 0 0 0 0 0 0 0 0 0 0 0 0 0 
46 48 54 66 74 83 93 101 111 123 134 140 138 146 153 160 166 174 182 187 194 201 0 0 0 0 0 0 0 0 0 0 0 0 0 0 0 0 0 
48 50 56 68 77 86 97 105 115 127 138 145 151 157 158 165 172 178 186 193 201 208 214 0 0 0 0 0 0 0 0 0 0 0 0 0 0 0 0 
50 52 58 70 80 89 98 109 116 124 141 147 154 162 170 170 179 185 193 201 208 213 221 227 0 0 0 0 0 0 0 0 0 0 0 0 0 0 0 
52 54 60 72 82 92 102 112 121 130 144 152 157 159 174 176 184 192 197 206 213 219 227 235 242 0 0 0 0 0 0 0 0 0 0 0 0 0 0 
54 56 62 74 85 94 108 116 123 134 147 154 163 165 173 184 189 196 204 210 219 226 233 242 248 255 0 0 0 0 0 0 0 0 0 0 0 0 0 
56 58 64 76 88 97 112 120 127 135 149 155 164 175 177 185 193 201 209 216 225 233 239 247 254 261 268 0 0 0 0 0 0 0 0 0 0 0 0 
58 60 66 78 90 100 111 123 129 139 147 163 172 179 187 191 198 206 214 223 230 238 248 253 261 269 277 284 0 0 0 0 0 0 0 0 0 0 0 
60 62 68 80 93 102 114 126 135 146 152 166 174 179 188 195 204 214 220 228 236 244 251 259 269 277 283 290 298 0 0 0 0 0 0 0 0 0 0 
0 0 0 0 0 0 0 0 0 0 0 0 0 0 0 0 0 0 0 0 0 0 0 0 0 0 0 0 0 0 0 0 0 0 0 0 0 0 0 
0 0 0 0 0 0 0 0 0 0 0 0 0 0 0 0 0 0 0 0 0 0 0 0 0 0 0 0 0 0 0 0 0 0 0 0 0 0 0 
0 0 0 0 0 0 0 0 0 0 0 0 0 0 0 0 0 0 0 0 0 0 0 0 0 0 0 0 0 0 0 0 0 0 0 0 0 0 0 
0 0 0 0 0 0 0 0 0 0 0 0 0 0 0 0 0 0 0 0 0 0 0 0 0 0 0 0 0 0 0 0 0 0 0 0 0 0 0 
0 0 0 0 0 0 0 0 0 0 0 0 0 0 0 0 0 0 0 0 0 0 0 0 0 0 0 0 0 0 0 0 0 0 0 0 0 0 0 
0 0 0 0 0 0 0 0 0 0 0 0 0 0 0 0 0 0 0 0 0 0 0 0 0 0 0 0 0 0 0 0 0 0 0 0 0 0 0 
0 0 0 0 0 0 0 0 0 0 0 0 0 0 0 0 0 0 0 0 0 0 0 0 0 0 0 0 0 0 0 0 0 0 0 0 0 0 0 
0 0 0 0 0 0 0 0 0 0 0 0 0 0 0 0 0 0 0 0 0 0 0 0 0 0 0 0 0 0 0 0 0 0 0 0 0 0 0 
0 0 0 0 0 0 0 0 0 0 0 0 0 0 0 0 0 0 0 0 0 0 0 0 0 0 0 0 0 0 0 0 0 0 0 0 0 0 0 
0 0 0 0 0 0 0 0 0 0 0 0 0 0 0 0 0 0 0 0 0 0 0 0 0 0 0 0 0 0 0 0 0 0 0 0 0 0 0 
