4 0 0 0 0 0 0 0 0 0 0 0 0 0 0 0 0 0 0 0 0 0 0 0 0 0 0 0 0 0 0 0 0 0 0 0 0 0 0 
6 8 0 0 0 0 0 0 0 0 0 0 0 0 0 0 0 0 0 0 0 0 0 0 0 0 0 0 0 0 0 0 0 0 0 0 0 0 0 
8 10 13 0 0 0 0 0 0 0 0 0 0 0 0 0 0 0 0 0 0 0 0 0 0 0 0 0 0 0 0 0 0 0 0 0 0 0 0 
10 12 16 20 0 0 0 0 0 0 0 0 0 0 0 0 0 0 0 0 0 0 0 0 0 0 0 0 0 0 0 0 0 0 0 0 0 0 0 
12 14 18 22 26 0 0 0 0 0 0 0 0 0 0 0 0 0 0 0 0 0 0 0 0 0 0 0 0 0 0 0 0 0 0 0 0 0 0 
14 16 21 25 29 33 0 0 0 0 0 0 0 0 0 0 0 0 0 0 0 0 0 0 0 0 0 0 0 0 0 0 0 0 0 0 0 0 0 
16 18 24 28 32 37 42 0 0 0 0 0 0 0 0 0 0 0 0 0 0 0 0 0 0 0 0 0 0 0 0 0 0 0 0 0 0 0 0 
18 20 26 30 36 40 45 49 0 0 0 0 0 0 0 0 0 0 0 0 0 0 0 0 0 0 0 0 0 0 0 0 0 0 0 0 0 0 0 
20 22 28 33 39 44 50 54 60 0 0 0 0 0 0 0 0 0 0 0 0 0 0 0 0 0 0 0 0 0 0 0 0 0 0 0 0 0 0 
22 24 30 36 42 47 53 58 64 69 0 0 0 0 0 0 0 0 0 0 0 0 0 0 0 0 0 0 0 0 0 0 0 0 0 0 0 0 0 
24 26 32 38 45 50 57 64 68 74 80 0 0 0 0 0 0 0 0 0 0 0 0 0 0 0 0 0 0 0 0 0 0 0 0 0 0 0 0 
26 28 34 41 48 53 60 67 72 80 86 92 0 0 0 0 0 0 0 0 0 0 0 0 0 0 0 0 0 0 0 0 0 0 0 0 0 0 0 
28 30 36 44 50 56 63 70 77 84 91 98 105 0 0 0 0 0 0 0 0 0 0 0 0 0 0 0 0 0 0 0 0 0 0 0 0 0 0 
30 32 38 46 53 60 66 73 80 88 96 104 112 120 0 0 0 0 0 0 0 0 0 0 0 0 0 0 0 0 0 0 0 0 0 0 0 0 0 
32 34 40 49 56 63 69 76 82 92 99 107 115 123 126 0 0 0 0 0 0 0 0 0 0 0 0 0 0 0 0 0 0 0 0 0 0 0 0 
34 36 42 52 58 66 73 81 90 96 102 110 118 126 131 136 0 0 0 0 0 0 0 0 0 0 0 0 0 0 0 0 0 0 0 0 0 0 0 
36 38 44 54 61 69 77 83 94 99 106 115 124 129 135 138 144 0 0 0 0 0 0 0 0 0 0 0 0 0 0 0 0 0 0 0 0 0 0 
38 40 46 57 64 72 81 87 98 103 110 119 127 132 141 144 149 158 0 0 0 0 0 0 0 0 0 0 0 0 0 0 0 0 0 0 0 0 0 
40 42 48 60 66 75 84 92 102 111 120 118 131 137 140 151 152 159 164 0 0 0 0 0 0 0 0 0 0 0 0 0 0 0 0 0 0 0 0 
42 44 50 62 69 78 87 96 106 116 126 131 135 143 147 153 156 163 169 176 0 0 0 0 0 0 0 0 0 0 0 0 0 0 0 0 0 0 0 
44 46 52 64 72 80 90 99 110 121 132 137 140 143 149 155 162 169 175 181 187 0 0 0 0 0 0 0 0 0 0 0 0 0 0 0 0 0 0 
46 48 54 66 74 83 93 103 112 123 134 140 139 145 153 161 167 173 182 188 194 201 0 0 0 0 0 0 0 0 0 0 0 0 0 0 0 0 0 
48 50 56 68 77 87 97 106 116 127 138 143 145 151 157 165 172 179 187 193 202 208 213 0 0 0 0 0 0 0 0 0 0 0 0 0 0 0 0 
50 52 58 70 80 90 100 109 116 130 141 148 155 163 164 171 178 186 193 200 207 213 221 227 0 0 0 0 0 0 0 0 0 0 0 0 0 0 0 
52 54 60 72 82 92 104 112 121 133 144 152 156 167 171 175 184 191 199 206 212 219 228 234 241 0 0 0 0 0 0 0 0 0 0 0 0 0 0 
54 56 62 74 85 94 108 115 124 136 148 156 161 163 176 181 188 195 205 211 219 225 234 240 247 254 0 0 0 0 0 0 0 0 0 0 0 0 0 
56 58 64 76 88 98 112 120 127 139 152 155 167 170 177 185 193 200 209 217 226 234 239 248 254 261 269 0 0 0 0 0 0 0 0 0 0 0 0 
58 60 66 78 90 100 114 123 130 140 155 160 171 173 185 189 198 206 214 223 229 240 247 254 261 268 275 283 0 0 0 0 0 0 0 0 0 0 0 
60 62 68 80 93 103 117 125 134 144 158 166 176 178 190 195 206 214 220 228 236 245 251 260 268 278 285 290 297 0 0 0 0 0 0 0 0 0 0 
0 0 0 0 0 0 0 0 0 0 0 0 0 0 0 0 0 0 0 0 0 0 0 0 0 0 0 0 0 0 0 0 0 0 0 0 0 0 0 
0 0 0 0 0 0 0 0 0 0 0 0 0 0 0 0 0 0 0 0 0 0 0 0 0 0 0 0 0 0 0 0 0 0 0 0 0 0 0 
0 0 0 0 0 0 0 0 0 0 0 0 0 0 0 0 0 0 0 0 0 0 0 0 0 0 0 0 0 0 0 0 0 0 0 0 0 0 0 
0 0 0 0 0 0 0 0 0 0 0 0 0 0 0 0 0 0 0 0 0 0 0 0 0 0 0 0 0 0 0 0 0 0 0 0 0 0 0 
0 0 0 0 0 0 0 0 0 0 0 0 0 0 0 0 0 0 0 0 0 0 0 0 0 0 0 0 0 0 0 0 0 0 0 0 0 0 0 
0 0 0 0 0 0 0 0 0 0 0 0 0 0 0 0 0 0 0 0 0 0 0 0 0 0 0 0 0 0 0 0 0 0 0 0 0 0 0 
0 0 0 0 0 0 0 0 0 0 0 0 0 0 0 0 0 0 0 0 0 0 0 0 0 0 0 0 0 0 0 0 0 0 0 0 0 0 0 
0 0 0 0 0 0 0 0 0 0 0 0 0 0 0 0 0 0 0 0 0 0 0 0 0 0 0 0 0 0 0 0 0 0 0 0 0 0 0 
0 0 0 0 0 0 0 0 0 0 0 0 0 0 0 0 0 0 0 0 0 0 0 0 0 0 0 0 0 0 0 0 0 0 0 0 0 0 0 
0 0 0 0 0 0 0 0 0 0 0 0 0 0 0 0 0 0 0 0 0 0 0 0 0 0 0 0 0 0 0 0 0 0 0 0 0 0 0 
