4 0 0 0 0 0 0 0 0 0 0 0 0 0 0 0 0 0 0 0 0 0 0 0 0 0 0 0 0 0 0 0 0 0 0 0 0 0 0 
6 8 0 0 0 0 0 0 0 0 0 0 0 0 0 0 0 0 0 0 0 0 0 0 0 0 0 0 0 0 0 0 0 0 0 0 0 0 0 
8 10 13 0 0 0 0 0 0 0 0 0 0 0 0 0 0 0 0 0 0 0 0 0 0 0 0 0 0 0 0 0 0 0 0 0 0 0 0 
10 12 16 20 0 0 0 0 0 0 0 0 0 0 0 0 0 0 0 0 0 0 0 0 0 0 0 0 0 0 0 0 0 0 0 0 0 0 0 
12 14 18 22 26 0 0 0 0 0 0 0 0 0 0 0 0 0 0 0 0 0 0 0 0 0 0 0 0 0 0 0 0 0 0 0 0 0 0 
14 16 21 25 29 33 0 0 0 0 0 0 0 0 0 0 0 0 0 0 0 0 0 0 0 0 0 0 0 0 0 0 0 0 0 0 0 0 0 
16 18 24 28 32 37 42 0 0 0 0 0 0 0 0 0 0 0 0 0 0 0 0 0 0 0 0 0 0 0 0 0 0 0 0 0 0 0 0 
18 20 26 30 36 40 45 49 0 0 0 0 0 0 0 0 0 0 0 0 0 0 0 0 0 0 0 0 0 0 0 0 0 0 0 0 0 0 0 
20 22 28 33 39 44 50 54 58 0 0 0 0 0 0 0 0 0 0 0 0 0 0 0 0 0 0 0 0 0 0 0 0 0 0 0 0 0 0 
22 24 30 36 42 47 53 59 63 69 0 0 0 0 0 0 0 0 0 0 0 0 0 0 0 0 0 0 0 0 0 0 0 0 0 0 0 0 0 
24 26 32 38 45 50 57 64 68 74 80 0 0 0 0 0 0 0 0 0 0 0 0 0 0 0 0 0 0 0 0 0 0 0 0 0 0 0 0 
26 28 34 41 48 53 60 66 71 80 86 92 0 0 0 0 0 0 0 0 0 0 0 0 0 0 0 0 0 0 0 0 0 0 0 0 0 0 0 
28 30 36 44 50 56 63 69 75 84 91 98 105 0 0 0 0 0 0 0 0 0 0 0 0 0 0 0 0 0 0 0 0 0 0 0 0 0 0 
30 32 38 46 53 60 66 73 80 86 96 104 112 120 0 0 0 0 0 0 0 0 0 0 0 0 0 0 0 0 0 0 0 0 0 0 0 0 0 
32 34 40 49 56 62 69 77 83 91 99 107 115 123 127 0 0 0 0 0 0 0 0 0 0 0 0 0 0 0 0 0 0 0 0 0 0 0 0 
34 36 42 52 58 65 73 81 89 96 102 107 118 126 131 134 0 0 0 0 0 0 0 0 0 0 0 0 0 0 0 0 0 0 0 0 0 0 0 
36 38 44 54 61 68 76 83 93 101 108 113 124 132 137 134 145 0 0 0 0 0 0 0 0 0 0 0 0 0 0 0 0 0 0 0 0 0 0 
38 40 46 57 64 72 80 88 98 106 114 116 120 134 140 147 154 161 0 0 0 0 0 0 0 0 0 0 0 0 0 0 0 0 0 0 0 0 0 
40 42 48 60 66 74 83 91 102 111 120 124 130 139 138 148 154 157 174 0 0 0 0 0 0 0 0 0 0 0 0 0 0 0 0 0 0 0 0 
42 44 50 61 69 77 86 93 106 116 126 131 136 141 151 157 158 164 176 183 0 0 0 0 0 0 0 0 0 0 0 0 0 0 0 0 0 0 0 
44 46 52 64 72 81 90 97 108 121 132 137 142 146 148 155 164 172 175 182 187 0 0 0 0 0 0 0 0 0 0 0 0 0 0 0 0 0 0 
46 48 54 66 74 83 92 102 111 123 134 140 141 145 152 161 167 175 191 188 194 201 0 0 0 0 0 0 0 0 0 0 0 0 0 0 0 0 0 
48 50 56 68 77 86 96 103 114 127 138 145 151 157 157 166 173 180 187 194 201 208 213 0 0 0 0 0 0 0 0 0 0 0 0 0 0 0 0 
50 52 58 70 80 89 99 108 117 125 141 148 153 163 171 170 178 186 194 201 206 213 221 226 0 0 0 0 0 0 0 0 0 0 0 0 0 0 0 
52 54 60 72 82 91 101 112 120 130 144 151 155 161 176 175 184 192 198 205 214 220 227 233 242 0 0 0 0 0 0 0 0 0 0 0 0 0 0 
54 56 62 74 85 95 106 116 123 134 148 154 163 164 172 188 193 196 205 211 219 225 234 242 247 255 0 0 0 0 0 0 0 0 0 0 0 0 0 
56 58 64 76 87 97 112 120 126 136 152 156 167 175 177 186 192 201 211 217 225 233 239 247 254 261 267 0 0 0 0 0 0 0 0 0 0 0 0 
58 60 66 78 90 100 112 123 129 139 153 164 172 178 187 189 199 206 216 224 230 238 247 253 262 269 275 284 0 0 0 0 0 0 0 0 0 0 0 
60 62 68 80 93 103 117 126 136 145 157 166 175 177 187 194 204 213 219 228 236 243 252 260 269 276 282 290 297 0 0 0 0 0 0 0 0 0 0 
0 0 0 0 0 0 0 0 0 0 0 0 0 0 0 0 0 0 0 0 0 0 0 0 0 0 0 0 0 0 0 0 0 0 0 0 0 0 0 
0 0 0 0 0 0 0 0 0 0 0 0 0 0 0 0 0 0 0 0 0 0 0 0 0 0 0 0 0 0 0 0 0 0 0 0 0 0 0 
0 0 0 0 0 0 0 0 0 0 0 0 0 0 0 0 0 0 0 0 0 0 0 0 0 0 0 0 0 0 0 0 0 0 0 0 0 0 0 
0 0 0 0 0 0 0 0 0 0 0 0 0 0 0 0 0 0 0 0 0 0 0 0 0 0 0 0 0 0 0 0 0 0 0 0 0 0 0 
0 0 0 0 0 0 0 0 0 0 0 0 0 0 0 0 0 0 0 0 0 0 0 0 0 0 0 0 0 0 0 0 0 0 0 0 0 0 0 
0 0 0 0 0 0 0 0 0 0 0 0 0 0 0 0 0 0 0 0 0 0 0 0 0 0 0 0 0 0 0 0 0 0 0 0 0 0 0 
0 0 0 0 0 0 0 0 0 0 0 0 0 0 0 0 0 0 0 0 0 0 0 0 0 0 0 0 0 0 0 0 0 0 0 0 0 0 0 
0 0 0 0 0 0 0 0 0 0 0 0 0 0 0 0 0 0 0 0 0 0 0 0 0 0 0 0 0 0 0 0 0 0 0 0 0 0 0 
0 0 0 0 0 0 0 0 0 0 0 0 0 0 0 0 0 0 0 0 0 0 0 0 0 0 0 0 0 0 0 0 0 0 0 0 0 0 0 
0 0 0 0 0 0 0 0 0 0 0 0 0 0 0 0 0 0 0 0 0 0 0 0 0 0 0 0 0 0 0 0 0 0 0 0 0 0 0 
