4 0 0 0 0 0 0 0 0 0 0 0 0 0 0 0 0 0 0 0 0 0 0 0 0 0 0 0 0 0 0 0 0 0 0 0 0 0 0 
6 8 0 0 0 0 0 0 0 0 0 0 0 0 0 0 0 0 0 0 0 0 0 0 0 0 0 0 0 0 0 0 0 0 0 0 0 0 0 
8 10 13 0 0 0 0 0 0 0 0 0 0 0 0 0 0 0 0 0 0 0 0 0 0 0 0 0 0 0 0 0 0 0 0 0 0 0 0 
10 12 16 20 0 0 0 0 0 0 0 0 0 0 0 0 0 0 0 0 0 0 0 0 0 0 0 0 0 0 0 0 0 0 0 0 0 0 0 
12 14 18 22 26 0 0 0 0 0 0 0 0 0 0 0 0 0 0 0 0 0 0 0 0 0 0 0 0 0 0 0 0 0 0 0 0 0 0 
14 16 21 25 29 33 0 0 0 0 0 0 0 0 0 0 0 0 0 0 0 0 0 0 0 0 0 0 0 0 0 0 0 0 0 0 0 0 0 
16 18 24 28 32 37 42 0 0 0 0 0 0 0 0 0 0 0 0 0 0 0 0 0 0 0 0 0 0 0 0 0 0 0 0 0 0 0 0 
18 20 26 30 36 40 45 49 0 0 0 0 0 0 0 0 0 0 0 0 0 0 0 0 0 0 0 0 0 0 0 0 0 0 0 0 0 0 0 
20 22 28 33 39 44 50 54 60 0 0 0 0 0 0 0 0 0 0 0 0 0 0 0 0 0 0 0 0 0 0 0 0 0 0 0 0 0 0 
22 24 30 36 42 47 53 59 64 69 0 0 0 0 0 0 0 0 0 0 0 0 0 0 0 0 0 0 0 0 0 0 0 0 0 0 0 0 0 
24 26 32 38 45 50 57 64 68 74 80 0 0 0 0 0 0 0 0 0 0 0 0 0 0 0 0 0 0 0 0 0 0 0 0 0 0 0 0 
26 28 34 41 48 53 60 67 73 80 86 92 0 0 0 0 0 0 0 0 0 0 0 0 0 0 0 0 0 0 0 0 0 0 0 0 0 0 0 
28 30 36 44 50 56 63 70 77 84 91 98 105 0 0 0 0 0 0 0 0 0 0 0 0 0 0 0 0 0 0 0 0 0 0 0 0 0 0 
30 32 38 46 53 60 66 73 80 88 96 104 112 120 0 0 0 0 0 0 0 0 0 0 0 0 0 0 0 0 0 0 0 0 0 0 0 0 0 
32 34 40 49 56 63 70 76 83 92 99 107 115 123 127 0 0 0 0 0 0 0 0 0 0 0 0 0 0 0 0 0 0 0 0 0 0 0 0 
34 36 42 52 58 66 73 80 87 96 102 110 118 126 131 135 0 0 0 0 0 0 0 0 0 0 0 0 0 0 0 0 0 0 0 0 0 0 0 
36 38 44 54 61 69 77 83 91 99 105 114 122 132 136 133 139 0 0 0 0 0 0 0 0 0 0 0 0 0 0 0 0 0 0 0 0 0 0 
38 40 46 56 64 72 81 87 95 102 110 116 126 128 138 139 145 152 0 0 0 0 0 0 0 0 0 0 0 0 0 0 0 0 0 0 0 0 0 
40 42 48 60 66 75 84 90 99 104 114 118 131 135 137 144 151 156 163 0 0 0 0 0 0 0 0 0 0 0 0 0 0 0 0 0 0 0 0 
42 44 50 62 69 78 87 93 101 108 115 124 135 140 144 151 155 162 168 175 0 0 0 0 0 0 0 0 0 0 0 0 0 0 0 0 0 0 0 
44 46 52 64 72 80 90 99 106 113 120 129 134 141 148 155 162 169 175 182 187 0 0 0 0 0 0 0 0 0 0 0 0 0 0 0 0 0 0 
46 48 54 66 74 84 93 103 110 117 126 134 138 146 153 163 168 173 183 188 194 200 0 0 0 0 0 0 0 0 0 0 0 0 0 0 0 0 0 
48 50 56 68 77 87 97 106 113 121 133 136 144 152 158 165 172 180 187 193 202 208 213 0 0 0 0 0 0 0 0 0 0 0 0 0 0 0 0 
50 52 58 70 80 90 100 109 116 124 140 141 147 156 164 170 177 184 193 201 206 213 222 228 0 0 0 0 0 0 0 0 0 0 0 0 0 0 0 
52 54 60 72 82 92 104 112 121 128 144 145 151 160 167 175 184 191 197 206 213 219 228 233 240 0 0 0 0 0 0 0 0 0 0 0 0 0 0 
54 56 62 74 85 94 108 116 125 133 148 148 156 165 171 181 188 196 204 211 219 225 233 241 248 255 0 0 0 0 0 0 0 0 0 0 0 0 0 
56 58 64 76 88 97 112 119 127 137 151 152 163 170 177 185 193 201 210 216 225 233 238 247 255 262 269 0 0 0 0 0 0 0 0 0 0 0 0 
58 60 66 78 90 100 114 122 129 138 153 159 167 174 183 190 199 205 215 223 231 239 246 254 261 268 277 284 0 0 0 0 0 0 0 0 0 0 0 
60 62 68 80 93 103 117 125 133 143 157 161 170 177 187 196 205 212 220 228 236 247 251 261 268 275 283 290 298 0 0 0 0 0 0 0 0 0 0 
0 0 0 0 0 0 0 0 0 0 0 0 0 0 0 0 0 0 0 0 0 0 0 0 0 0 0 0 0 0 0 0 0 0 0 0 0 0 0 
0 0 0 0 0 0 0 0 0 0 0 0 0 0 0 0 0 0 0 0 0 0 0 0 0 0 0 0 0 0 0 0 0 0 0 0 0 0 0 
0 0 0 0 0 0 0 0 0 0 0 0 0 0 0 0 0 0 0 0 0 0 0 0 0 0 0 0 0 0 0 0 0 0 0 0 0 0 0 
0 0 0 0 0 0 0 0 0 0 0 0 0 0 0 0 0 0 0 0 0 0 0 0 0 0 0 0 0 0 0 0 0 0 0 0 0 0 0 
0 0 0 0 0 0 0 0 0 0 0 0 0 0 0 0 0 0 0 0 0 0 0 0 0 0 0 0 0 0 0 0 0 0 0 0 0 0 0 
0 0 0 0 0 0 0 0 0 0 0 0 0 0 0 0 0 0 0 0 0 0 0 0 0 0 0 0 0 0 0 0 0 0 0 0 0 0 0 
0 0 0 0 0 0 0 0 0 0 0 0 0 0 0 0 0 0 0 0 0 0 0 0 0 0 0 0 0 0 0 0 0 0 0 0 0 0 0 
0 0 0 0 0 0 0 0 0 0 0 0 0 0 0 0 0 0 0 0 0 0 0 0 0 0 0 0 0 0 0 0 0 0 0 0 0 0 0 
0 0 0 0 0 0 0 0 0 0 0 0 0 0 0 0 0 0 0 0 0 0 0 0 0 0 0 0 0 0 0 0 0 0 0 0 0 0 0 
0 0 0 0 0 0 0 0 0 0 0 0 0 0 0 0 0 0 0 0 0 0 0 0 0 0 0 0 0 0 0 0 0 0 0 0 0 0 0 
