3 0 0 0 0 0 0 0 0 0 0 0 0 0 0 0 0 0 0 0 0 0 0 0 0 0 0 0 0 0 0 0 0 0 0 0 0 0 0 
4 6 0 0 0 0 0 0 0 0 0 0 0 0 0 0 0 0 0 0 0 0 0 0 0 0 0 0 0 0 0 0 0 0 0 0 0 0 0 
5 7 9 0 0 0 0 0 0 0 0 0 0 0 0 0 0 0 0 0 0 0 0 0 0 0 0 0 0 0 0 0 0 0 0 0 0 0 0 
6 8 10 12 0 0 0 0 0 0 0 0 0 0 0 0 0 0 0 0 0 0 0 0 0 0 0 0 0 0 0 0 0 0 0 0 0 0 0 
7 9 12 14 16 0 0 0 0 0 0 0 0 0 0 0 0 0 0 0 0 0 0 0 0 0 0 0 0 0 0 0 0 0 0 0 0 0 0 
8 10 13 15 18 21 0 0 0 0 0 0 0 0 0 0 0 0 0 0 0 0 0 0 0 0 0 0 0 0 0 0 0 0 0 0 0 0 0 
9 11 14 17 19 22 24 0 0 0 0 0 0 0 0 0 0 0 0 0 0 0 0 0 0 0 0 0 0 0 0 0 0 0 0 0 0 0 0 
10 12 15 18 21 24 26 29 0 0 0 0 0 0 0 0 0 0 0 0 0 0 0 0 0 0 0 0 0 0 0 0 0 0 0 0 0 0 0 
11 13 16 20 22 25 28 31 34 0 0 0 0 0 0 0 0 0 0 0 0 0 0 0 0 0 0 0 0 0 0 0 0 0 0 0 0 0 0 
12 14 17 20 24 27 30 33 36 39 0 0 0 0 0 0 0 0 0 0 0 0 0 0 0 0 0 0 0 0 0 0 0 0 0 0 0 0 0 
13 15 18 22 25 28 32 36 39 42 45 0 0 0 0 0 0 0 0 0 0 0 0 0 0 0 0 0 0 0 0 0 0 0 0 0 0 0 0 
14 16 18 23 27 30 33 36 40 44 48 52 0 0 0 0 0 0 0 0 0 0 0 0 0 0 0 0 0 0 0 0 0 0 0 0 0 0 0 
15 17 20 24 28 31 35 38 42 45 49 53 56 0 0 0 0 0 0 0 0 0 0 0 0 0 0 0 0 0 0 0 0 0 0 0 0 0 0 
16 18 21 25 30 33 36 40 44 47 51 54 58 61 0 0 0 0 0 0 0 0 0 0 0 0 0 0 0 0 0 0 0 0 0 0 0 0 0 
17 19 22 26 31 34 38 42 46 50 53 56 59 64 67 0 0 0 0 0 0 0 0 0 0 0 0 0 0 0 0 0 0 0 0 0 0 0 0 
18 20 23 27 32 36 39 43 47 51 55 59 63 67 70 74 0 0 0 0 0 0 0 0 0 0 0 0 0 0 0 0 0 0 0 0 0 0 0 
19 21 24 28 33 37 41 45 49 53 57 61 65 69 73 77 81 0 0 0 0 0 0 0 0 0 0 0 0 0 0 0 0 0 0 0 0 0 0 
20 22 25 29 34 39 42 46 50 54 59 63 68 72 76 80 84 88 0 0 0 0 0 0 0 0 0 0 0 0 0 0 0 0 0 0 0 0 0 
21 23 26 30 34 40 44 48 52 56 61 65 69 72 79 84 88 92 96 0 0 0 0 0 0 0 0 0 0 0 0 0 0 0 0 0 0 0 0 
22 24 27 31 36 42 45 49 54 59 63 66 71 75 81 85 90 95 100 105 0 0 0 0 0 0 0 0 0 0 0 0 0 0 0 0 0 0 0 
23 25 28 32 37 42 47 51 55 59 64 69 73 77 82 87 91 95 101 106 108 0 0 0 0 0 0 0 0 0 0 0 0 0 0 0 0 0 0 
24 26 29 32 38 43 48 52 57 61 66 70 75 79 84 89 93 98 103 108 110 113 0 0 0 0 0 0 0 0 0 0 0 0 0 0 0 0 0 
25 27 30 34 38 45 50 54 58 62 67 73 77 81 86 91 95 99 105 110 112 116 120 0 0 0 0 0 0 0 0 0 0 0 0 0 0 0 0 
26 28 31 35 40 46 51 55 60 65 69 74 79 83 87 94 98 102 106 112 115 119 123 126 0 0 0 0 0 0 0 0 0 0 0 0 0 0 0 
27 29 32 36 41 46 53 57 61 65 71 76 81 85 91 95 100 104 108 114 117 123 126 130 133 0 0 0 0 0 0 0 0 0 0 0 0 0 0 
28 30 33 37 42 48 54 58 63 68 73 78 82 87 93 98 102 106 111 115 119 125 129 133 137 142 0 0 0 0 0 0 0 0 0 0 0 0 0 
29 31 34 38 43 49 56 60 64 68 74 81 85 89 95 100 104 108 113 118 122 128 132 136 140 146 151 0 0 0 0 0 0 0 0 0 0 0 0 
30 32 35 39 44 50 56 61 66 71 76 81 87 92 96 101 105 110 117 122 126 130 135 139 144 148 154 157 0 0 0 0 0 0 0 0 0 0 0 
31 33 36 40 45 51 57 63 67 72 77 84 89 94 98 104 108 112 118 123 128 132 138 143 148 152 156 161 165 0 0 0 0 0 0 0 0 0 0 
32 34 37 41 46 52 59 64 69 74 78 85 90 96 100 106 110 114 119 123 130 134 141 146 151 156 160 164 168 186 0 0 0 0 0 0 0 0 0 
33 35 38 42 46 53 60 66 70 75 81 87 92 97 103 108 113 118 122 128 133 137 142 148 153 159 164 169 175 187 189 0 0 0 0 0 0 0 0 
34 36 39 43 48 54 60 67 72 77 82 87 94 99 105 110 115 120 124 130 135 140 145 149 155 162 167 176 183 189 191 194 0 0 0 0 0 0 0 
35 37 40 44 48 55 62 69 73 78 83 90 95 101 106 112 117 122 128 133 137 142 146 153 158 165 170 178 184 192 194 197 201 0 0 0 0 0 0 
36 38 41 45 50 56 63 70 75 80 85 90 97 102 109 114 119 124 130 135 140 145 150 155 160 168 173 180 186 194 196 200 204 207 0 0 0 0 0 
37 39 42 46 50 57 64 71 76 81 86 93 98 105 111 116 121 126 132 137 142 147 153 158 163 170 175 182 188 196 199 202 205 210 215 0 0 0 0 
38 40 43 47 52 58 64 71 78 83 88 94 99 106 113 118 123 128 134 139 145 150 156 161 165 173 178 185 191 198 201 204 209 212 219 223 0 0 0 
39 41 44 48 53 59 66 73 79 84 90 96 102 108 113 120 125 131 136 141 147 153 158 164 169 176 181 187 193 200 204 208 213 217 221 227 231 0 0 
40 42 45 49 54 60 67 74 81 86 91 97 103 111 116 122 128 133 138 143 150 155 161 167 172 178 183 188 195 203 207 212 216 221 226 230 234 239 0 
41 43 46 50 54 61 68 76 82 87 93 99 104 112 118 124 130 135 140 146 151 157 163 170 175 180 184 192 197 206 210 214 219 223 230 235 238 242 248 
