3 0 0 0 0 0 0 0 0 0 0 0 0 0 0 0 0 0 0 0 0 0 0 0 0 0 0 0 0 0 0 0 0 0 0 0 0 0 0 
4 6 0 0 0 0 0 0 0 0 0 0 0 0 0 0 0 0 0 0 0 0 0 0 0 0 0 0 0 0 0 0 0 0 0 0 0 0 0 
5 7 9 0 0 0 0 0 0 0 0 0 0 0 0 0 0 0 0 0 0 0 0 0 0 0 0 0 0 0 0 0 0 0 0 0 0 0 0 
6 8 10 12 0 0 0 0 0 0 0 0 0 0 0 0 0 0 0 0 0 0 0 0 0 0 0 0 0 0 0 0 0 0 0 0 0 0 0 
7 9 12 14 16 0 0 0 0 0 0 0 0 0 0 0 0 0 0 0 0 0 0 0 0 0 0 0 0 0 0 0 0 0 0 0 0 0 0 
8 10 13 15 18 21 0 0 0 0 0 0 0 0 0 0 0 0 0 0 0 0 0 0 0 0 0 0 0 0 0 0 0 0 0 0 0 0 0 
9 11 14 17 19 22 24 0 0 0 0 0 0 0 0 0 0 0 0 0 0 0 0 0 0 0 0 0 0 0 0 0 0 0 0 0 0 0 0 
10 12 15 18 21 24 26 29 0 0 0 0 0 0 0 0 0 0 0 0 0 0 0 0 0 0 0 0 0 0 0 0 0 0 0 0 0 0 0 
11 13 16 20 22 25 28 31 34 0 0 0 0 0 0 0 0 0 0 0 0 0 0 0 0 0 0 0 0 0 0 0 0 0 0 0 0 0 0 
12 14 17 21 24 27 30 33 36 39 0 0 0 0 0 0 0 0 0 0 0 0 0 0 0 0 0 0 0 0 0 0 0 0 0 0 0 0 0 
13 15 18 22 25 28 32 36 39 42 45 0 0 0 0 0 0 0 0 0 0 0 0 0 0 0 0 0 0 0 0 0 0 0 0 0 0 0 0 
14 16 19 23 27 30 33 36 40 44 48 52 0 0 0 0 0 0 0 0 0 0 0 0 0 0 0 0 0 0 0 0 0 0 0 0 0 0 0 
15 17 20 24 28 31 35 39 42 45 49 53 55 0 0 0 0 0 0 0 0 0 0 0 0 0 0 0 0 0 0 0 0 0 0 0 0 0 0 
16 18 21 25 30 33 36 40 44 47 51 55 58 61 0 0 0 0 0 0 0 0 0 0 0 0 0 0 0 0 0 0 0 0 0 0 0 0 0 
17 19 22 26 31 34 38 42 46 50 53 56 60 64 67 0 0 0 0 0 0 0 0 0 0 0 0 0 0 0 0 0 0 0 0 0 0 0 0 
18 20 23 27 32 36 39 43 47 51 54 59 63 67 70 73 0 0 0 0 0 0 0 0 0 0 0 0 0 0 0 0 0 0 0 0 0 0 0 
19 21 24 28 33 37 41 45 49 53 57 61 65 69 73 77 81 0 0 0 0 0 0 0 0 0 0 0 0 0 0 0 0 0 0 0 0 0 0 
20 22 25 29 34 39 42 46 50 55 59 63 67 72 76 80 84 88 0 0 0 0 0 0 0 0 0 0 0 0 0 0 0 0 0 0 0 0 0 
21 23 26 30 35 40 44 48 52 56 61 65 69 73 79 84 88 92 96 0 0 0 0 0 0 0 0 0 0 0 0 0 0 0 0 0 0 0 0 
22 24 27 31 36 42 45 49 54 59 63 67 71 75 81 85 90 95 100 105 0 0 0 0 0 0 0 0 0 0 0 0 0 0 0 0 0 0 0 
23 25 28 32 37 42 47 51 55 60 64 69 73 77 82 85 91 96 101 106 108 0 0 0 0 0 0 0 0 0 0 0 0 0 0 0 0 0 0 
24 26 29 32 38 44 48 52 57 62 66 70 75 79 84 88 93 98 103 108 110 113 0 0 0 0 0 0 0 0 0 0 0 0 0 0 0 0 0 
25 27 30 34 38 45 50 54 58 63 68 72 77 81 86 91 95 99 105 110 113 116 120 0 0 0 0 0 0 0 0 0 0 0 0 0 0 0 0 
26 28 31 35 40 46 51 55 60 65 69 74 79 83 87 93 98 102 107 112 116 119 122 126 0 0 0 0 0 0 0 0 0 0 0 0 0 0 0 
27 29 32 36 41 46 53 57 61 66 71 76 81 86 91 95 99 103 109 114 118 122 126 130 134 0 0 0 0 0 0 0 0 0 0 0 0 0 0 
28 30 33 37 42 48 54 58 63 68 73 78 82 88 92 96 102 107 111 115 119 123 129 133 137 141 0 0 0 0 0 0 0 0 0 0 0 0 0 
29 31 34 38 42 49 56 60 64 69 75 81 85 90 94 99 104 108 112 116 121 125 132 136 140 146 150 0 0 0 0 0 0 0 0 0 0 0 0 
30 32 35 39 44 50 56 61 66 71 76 81 87 91 96 100 105 110 115 120 124 129 135 139 144 148 152 157 0 0 0 0 0 0 0 0 0 0 0 
31 33 36 40 45 50 58 63 67 72 77 83 89 94 99 104 108 112 117 122 127 132 138 143 148 152 156 160 165 0 0 0 0 0 0 0 0 0 0 
32 34 37 41 46 52 59 64 69 74 79 84 90 96 100 105 110 115 119 123 129 134 141 146 151 156 160 164 168 186 0 0 0 0 0 0 0 0 0 
33 35 38 42 47 53 60 66 70 75 80 87 92 97 102 108 113 118 123 128 133 137 142 148 153 159 164 169 175 187 189 0 0 0 0 0 0 0 0 
34 36 39 43 47 54 61 67 72 77 82 87 94 100 105 110 115 120 124 130 135 140 145 149 155 162 168 176 182 189 191 194 0 0 0 0 0 0 0 
35 37 40 44 48 55 62 68 73 78 84 90 95 101 106 112 117 122 128 133 138 142 146 153 158 165 170 178 184 192 194 197 200 0 0 0 0 0 0 
36 38 41 45 50 56 63 70 75 80 85 90 97 103 108 114 119 124 130 135 140 145 150 155 160 168 173 180 186 194 196 199 203 207 0 0 0 0 0 
37 39 42 46 50 57 64 72 76 81 87 93 98 104 110 116 121 126 132 137 142 147 153 158 163 170 175 182 188 196 199 202 205 210 214 0 0 0 0 
38 40 43 47 51 58 65 71 78 83 88 94 100 106 113 118 123 128 134 139 145 150 156 161 165 172 177 185 191 198 201 204 209 212 217 221 0 0 0 
39 41 44 48 53 59 65 74 79 84 90 96 101 108 114 119 126 131 136 141 147 153 158 163 168 175 180 187 193 200 204 208 212 217 221 227 231 0 0 
40 42 45 49 54 60 67 75 81 86 91 96 104 111 116 121 127 132 137 144 150 156 161 166 171 178 183 188 195 203 207 212 216 220 226 230 234 239 0 
41 43 46 50 54 61 68 76 82 87 93 99 105 110 118 124 129 134 141 146 151 158 163 169 174 179 186 192 197 206 210 214 219 224 229 235 238 241 248 
