3 0 0 0 0 0 0 0 0 0 0 0 0 0 0 0 0 0 0 0 0 0 0 0 0 0 0 0 0 0 0 0 0 0 0 0 0 0 0 
4 6 0 0 0 0 0 0 0 0 0 0 0 0 0 0 0 0 0 0 0 0 0 0 0 0 0 0 0 0 0 0 0 0 0 0 0 0 0 
5 7 9 0 0 0 0 0 0 0 0 0 0 0 0 0 0 0 0 0 0 0 0 0 0 0 0 0 0 0 0 0 0 0 0 0 0 0 0 
6 8 10 12 0 0 0 0 0 0 0 0 0 0 0 0 0 0 0 0 0 0 0 0 0 0 0 0 0 0 0 0 0 0 0 0 0 0 0 
7 9 12 14 16 0 0 0 0 0 0 0 0 0 0 0 0 0 0 0 0 0 0 0 0 0 0 0 0 0 0 0 0 0 0 0 0 0 0 
8 10 13 15 18 21 0 0 0 0 0 0 0 0 0 0 0 0 0 0 0 0 0 0 0 0 0 0 0 0 0 0 0 0 0 0 0 0 0 
9 11 14 17 19 22 24 0 0 0 0 0 0 0 0 0 0 0 0 0 0 0 0 0 0 0 0 0 0 0 0 0 0 0 0 0 0 0 0 
10 12 15 18 21 24 26 29 0 0 0 0 0 0 0 0 0 0 0 0 0 0 0 0 0 0 0 0 0 0 0 0 0 0 0 0 0 0 0 
11 13 16 20 22 25 28 31 34 0 0 0 0 0 0 0 0 0 0 0 0 0 0 0 0 0 0 0 0 0 0 0 0 0 0 0 0 0 0 
12 14 17 21 24 27 30 33 36 39 0 0 0 0 0 0 0 0 0 0 0 0 0 0 0 0 0 0 0 0 0 0 0 0 0 0 0 0 0 
13 15 18 22 25 28 32 36 39 42 45 0 0 0 0 0 0 0 0 0 0 0 0 0 0 0 0 0 0 0 0 0 0 0 0 0 0 0 0 
14 16 19 23 27 30 33 37 40 44 48 52 0 0 0 0 0 0 0 0 0 0 0 0 0 0 0 0 0 0 0 0 0 0 0 0 0 0 0 
15 17 20 24 28 31 35 39 42 45 49 53 56 0 0 0 0 0 0 0 0 0 0 0 0 0 0 0 0 0 0 0 0 0 0 0 0 0 0 
16 18 21 25 30 33 36 40 44 47 51 55 58 61 0 0 0 0 0 0 0 0 0 0 0 0 0 0 0 0 0 0 0 0 0 0 0 0 0 
17 19 22 26 31 34 38 42 46 49 53 57 60 64 67 0 0 0 0 0 0 0 0 0 0 0 0 0 0 0 0 0 0 0 0 0 0 0 0 
18 20 23 27 32 36 39 43 47 51 54 59 62 67 70 73 0 0 0 0 0 0 0 0 0 0 0 0 0 0 0 0 0 0 0 0 0 0 0 
19 21 24 28 33 37 41 45 49 53 56 61 64 69 73 76 80 0 0 0 0 0 0 0 0 0 0 0 0 0 0 0 0 0 0 0 0 0 0 
20 22 25 29 34 39 42 46 50 55 58 63 67 71 76 79 84 88 0 0 0 0 0 0 0 0 0 0 0 0 0 0 0 0 0 0 0 0 0 
21 23 26 30 35 40 44 48 52 56 60 64 69 73 79 84 87 92 96 0 0 0 0 0 0 0 0 0 0 0 0 0 0 0 0 0 0 0 0 
22 24 27 31 36 42 45 49 54 58 62 66 71 77 80 85 90 95 100 105 0 0 0 0 0 0 0 0 0 0 0 0 0 0 0 0 0 0 0 
23 25 28 32 37 43 47 51 55 60 64 69 73 78 82 87 91 96 101 106 108 0 0 0 0 0 0 0 0 0 0 0 0 0 0 0 0 0 0 
24 26 29 33 38 44 48 52 57 62 66 71 75 80 84 89 93 98 103 108 110 113 0 0 0 0 0 0 0 0 0 0 0 0 0 0 0 0 0 
25 27 30 34 39 45 50 54 58 63 68 73 77 82 86 91 95 100 105 110 112 116 120 0 0 0 0 0 0 0 0 0 0 0 0 0 0 0 0 
26 28 31 35 40 46 51 55 60 65 69 74 79 83 88 93 97 102 107 112 115 118 122 125 0 0 0 0 0 0 0 0 0 0 0 0 0 0 0 
27 29 32 36 41 47 53 57 61 66 71 76 81 85 89 95 99 104 108 114 117 120 125 128 131 0 0 0 0 0 0 0 0 0 0 0 0 0 0 
28 30 33 37 42 48 54 58 63 68 72 78 82 87 91 97 100 106 110 115 119 122 128 132 136 141 0 0 0 0 0 0 0 0 0 0 0 0 0 
29 31 34 38 43 49 56 60 64 69 74 80 84 89 93 99 103 108 112 117 121 124 131 135 140 144 148 0 0 0 0 0 0 0 0 0 0 0 0 
30 32 35 39 44 50 57 61 66 71 75 82 86 91 95 101 105 110 114 119 123 127 133 138 143 147 152 156 0 0 0 0 0 0 0 0 0 0 0 
31 33 36 40 45 51 58 63 67 72 77 84 88 93 97 102 107 112 116 121 125 130 136 140 145 150 156 160 166 0 0 0 0 0 0 0 0 0 0 
32 34 37 41 46 52 59 64 69 74 78 85 90 95 100 104 109 114 118 123 128 133 138 143 147 153 159 164 173 186 0 0 0 0 0 0 0 0 0 
33 35 38 42 47 53 60 66 70 75 80 86 92 97 102 107 111 116 120 125 131 135 141 145 150 157 162 168 179 187 189 0 0 0 0 0 0 0 0 
34 36 39 43 48 54 61 67 72 77 82 88 94 99 104 109 113 119 123 128 133 138 144 147 153 159 166 172 183 189 191 194 0 0 0 0 0 0 0 
35 37 40 44 49 55 62 68 73 78 84 90 96 100 106 111 115 121 126 131 135 140 146 150 156 162 169 175 186 192 193 197 200 0 0 0 0 0 0 
36 38 41 45 50 56 63 70 75 80 85 91 97 102 108 113 116 123 128 133 137 143 149 153 159 165 171 177 188 194 196 199 204 207 0 0 0 0 0 
37 39 42 46 51 57 64 71 76 81 87 93 99 104 110 115 120 125 130 136 140 145 152 155 162 167 173 179 190 196 198 202 206 210 213 0 0 0 0 
38 40 43 47 52 58 65 72 78 83 88 94 100 106 112 117 122 127 132 138 143 147 154 158 165 169 176 181 192 198 200 205 209 213 217 221 0 0 0 
39 41 44 48 53 59 66 73 79 84 90 96 102 107 114 119 124 129 135 140 145 150 156 160 167 172 179 184 194 199 202 207 211 216 220 225 228 0 0 
40 42 45 49 54 60 67 75 81 86 91 97 103 109 115 121 126 132 137 142 147 153 159 162 170 175 181 186 196 201 204 210 214 219 223 228 232 237 0 
41 43 46 50 55 61 68 76 82 87 93 99 104 111 117 123 129 134 139 144 149 155 162 165 172 177 183 189 198 203 206 212 217 221 226 231 235 241 245 
