3 0 0 0 0 0 0 0 0 0 0 0 0 0 0 0 0 0 0 0 0 0 0 0 0 0 0 0 0 0 0 0 0 0 0 0 0 0 0 
4 6 0 0 0 0 0 0 0 0 0 0 0 0 0 0 0 0 0 0 0 0 0 0 0 0 0 0 0 0 0 0 0 0 0 0 0 0 0 
5 7 9 0 0 0 0 0 0 0 0 0 0 0 0 0 0 0 0 0 0 0 0 0 0 0 0 0 0 0 0 0 0 0 0 0 0 0 0 
6 8 10 12 0 0 0 0 0 0 0 0 0 0 0 0 0 0 0 0 0 0 0 0 0 0 0 0 0 0 0 0 0 0 0 0 0 0 0 
7 9 12 14 16 0 0 0 0 0 0 0 0 0 0 0 0 0 0 0 0 0 0 0 0 0 0 0 0 0 0 0 0 0 0 0 0 0 0 
8 10 13 15 18 21 0 0 0 0 0 0 0 0 0 0 0 0 0 0 0 0 0 0 0 0 0 0 0 0 0 0 0 0 0 0 0 0 0 
9 11 14 17 19 22 24 0 0 0 0 0 0 0 0 0 0 0 0 0 0 0 0 0 0 0 0 0 0 0 0 0 0 0 0 0 0 0 0 
10 12 15 18 21 24 26 29 0 0 0 0 0 0 0 0 0 0 0 0 0 0 0 0 0 0 0 0 0 0 0 0 0 0 0 0 0 0 0 
11 13 16 20 22 25 28 31 34 0 0 0 0 0 0 0 0 0 0 0 0 0 0 0 0 0 0 0 0 0 0 0 0 0 0 0 0 0 0 
12 14 17 20 24 27 30 33 36 39 0 0 0 0 0 0 0 0 0 0 0 0 0 0 0 0 0 0 0 0 0 0 0 0 0 0 0 0 0 
13 15 18 22 25 28 32 36 39 42 45 0 0 0 0 0 0 0 0 0 0 0 0 0 0 0 0 0 0 0 0 0 0 0 0 0 0 0 0 
14 16 19 23 26 30 33 36 40 43 48 52 0 0 0 0 0 0 0 0 0 0 0 0 0 0 0 0 0 0 0 0 0 0 0 0 0 0 0 
15 17 19 24 28 31 34 39 42 45 49 53 55 0 0 0 0 0 0 0 0 0 0 0 0 0 0 0 0 0 0 0 0 0 0 0 0 0 0 
16 18 21 24 30 33 36 40 44 47 51 54 58 61 0 0 0 0 0 0 0 0 0 0 0 0 0 0 0 0 0 0 0 0 0 0 0 0 0 
17 19 22 26 30 34 38 42 45 50 53 56 59 64 67 0 0 0 0 0 0 0 0 0 0 0 0 0 0 0 0 0 0 0 0 0 0 0 0 
18 20 23 27 32 36 39 43 47 51 55 59 63 67 70 74 0 0 0 0 0 0 0 0 0 0 0 0 0 0 0 0 0 0 0 0 0 0 0 
19 21 24 28 33 37 41 45 48 53 57 61 64 67 73 77 81 0 0 0 0 0 0 0 0 0 0 0 0 0 0 0 0 0 0 0 0 0 0 
20 22 24 29 34 39 42 46 50 55 59 63 67 70 76 80 84 88 0 0 0 0 0 0 0 0 0 0 0 0 0 0 0 0 0 0 0 0 0 
21 23 26 30 35 40 44 48 52 56 60 65 69 73 77 84 88 92 96 0 0 0 0 0 0 0 0 0 0 0 0 0 0 0 0 0 0 0 0 
22 24 27 31 36 42 45 49 54 58 63 67 71 75 80 84 90 95 100 105 0 0 0 0 0 0 0 0 0 0 0 0 0 0 0 0 0 0 0 
23 25 28 32 37 41 47 51 55 59 64 68 73 77 82 86 91 95 101 106 108 0 0 0 0 0 0 0 0 0 0 0 0 0 0 0 0 0 0 
24 26 29 32 38 44 48 52 56 61 66 70 75 79 84 88 93 98 103 108 110 113 0 0 0 0 0 0 0 0 0 0 0 0 0 0 0 0 0 
25 27 30 34 38 45 50 54 58 62 67 72 77 81 86 91 95 99 105 110 113 116 119 0 0 0 0 0 0 0 0 0 0 0 0 0 0 0 0 
26 28 31 35 40 46 51 55 60 65 69 74 78 83 87 93 97 101 107 112 115 118 121 125 0 0 0 0 0 0 0 0 0 0 0 0 0 0 0 
27 29 32 36 41 46 52 57 61 66 71 76 81 85 90 95 99 103 109 114 117 121 124 129 132 0 0 0 0 0 0 0 0 0 0 0 0 0 0 
28 30 33 37 42 48 54 58 63 68 72 77 83 87 92 96 101 106 110 114 119 123 126 132 136 140 0 0 0 0 0 0 0 0 0 0 0 0 0 
29 31 34 38 42 49 56 60 64 69 74 79 84 89 94 99 104 108 112 116 121 125 130 136 140 144 147 0 0 0 0 0 0 0 0 0 0 0 0 
30 32 35 39 44 50 56 61 66 71 76 81 87 92 96 100 105 109 115 119 123 128 132 138 143 147 152 156 0 0 0 0 0 0 0 0 0 0 0 
31 33 36 40 45 50 57 63 67 72 78 83 89 93 98 103 108 112 116 122 127 131 135 141 145 150 155 161 165 0 0 0 0 0 0 0 0 0 0 
32 34 37 41 46 52 59 64 69 74 78 83 91 96 100 105 110 114 119 123 128 133 137 143 148 155 160 164 169 186 0 0 0 0 0 0 0 0 0 
33 35 38 42 46 53 60 66 70 75 81 87 92 97 103 108 113 118 123 127 132 137 142 148 154 159 164 170 176 187 189 0 0 0 0 0 0 0 0 
34 36 39 43 48 54 60 67 72 77 82 87 94 99 104 109 114 119 124 130 135 139 145 150 155 160 164 172 178 189 191 194 0 0 0 0 0 0 0 
35 37 40 44 49 54 61 69 73 78 84 89 95 101 107 112 117 122 126 131 137 142 147 152 157 162 167 174 180 192 194 197 200 0 0 0 0 0 0 
36 38 41 45 50 55 63 69 75 80 85 90 97 103 108 113 118 123 128 133 139 144 149 154 159 163 170 176 183 194 196 199 203 207 0 0 0 0 0 
37 39 42 46 50 57 64 72 76 81 86 93 99 105 111 116 121 126 131 136 141 146 151 158 162 166 172 178 185 196 199 202 205 210 213 0 0 0 0 
38 40 43 47 52 58 65 72 78 83 88 94 100 106 112 118 123 128 134 140 145 151 156 161 166 171 176 180 188 198 201 204 209 213 217 221 0 0 0 
39 41 44 48 53 59 66 73 79 84 90 96 101 108 114 119 124 130 136 142 147 152 157 162 167 172 177 185 191 200 204 208 212 217 222 227 231 0 0 
40 42 45 49 54 60 66 75 81 86 91 96 104 110 116 122 127 132 138 143 148 154 160 165 170 175 180 187 192 202 206 210 214 218 223 227 233 237 0 
41 43 46 50 54 61 68 76 82 87 93 99 104 110 117 123 129 135 140 145 150 155 160 167 172 177 182 188 195 206 210 214 219 224 228 233 237 241 245 
