3 0 0 0 0 0 0 0 0 0 0 0 0 0 0 0 0 0 0 0 0 0 0 0 0 0 0 0 0 0 0 0 0 0 0 0 0 0 0 
4 6 0 0 0 0 0 0 0 0 0 0 0 0 0 0 0 0 0 0 0 0 0 0 0 0 0 0 0 0 0 0 0 0 0 0 0 0 0 
5 7 9 0 0 0 0 0 0 0 0 0 0 0 0 0 0 0 0 0 0 0 0 0 0 0 0 0 0 0 0 0 0 0 0 0 0 0 0 
6 8 10 12 0 0 0 0 0 0 0 0 0 0 0 0 0 0 0 0 0 0 0 0 0 0 0 0 0 0 0 0 0 0 0 0 0 0 0 
7 9 12 14 16 0 0 0 0 0 0 0 0 0 0 0 0 0 0 0 0 0 0 0 0 0 0 0 0 0 0 0 0 0 0 0 0 0 0 
8 10 13 15 18 21 0 0 0 0 0 0 0 0 0 0 0 0 0 0 0 0 0 0 0 0 0 0 0 0 0 0 0 0 0 0 0 0 0 
9 11 14 17 19 22 24 0 0 0 0 0 0 0 0 0 0 0 0 0 0 0 0 0 0 0 0 0 0 0 0 0 0 0 0 0 0 0 0 
10 12 15 18 21 24 26 29 0 0 0 0 0 0 0 0 0 0 0 0 0 0 0 0 0 0 0 0 0 0 0 0 0 0 0 0 0 0 0 
11 13 16 20 22 25 28 31 34 0 0 0 0 0 0 0 0 0 0 0 0 0 0 0 0 0 0 0 0 0 0 0 0 0 0 0 0 0 0 
12 14 17 21 24 27 30 33 36 39 0 0 0 0 0 0 0 0 0 0 0 0 0 0 0 0 0 0 0 0 0 0 0 0 0 0 0 0 0 
13 15 18 22 25 28 32 36 39 42 45 0 0 0 0 0 0 0 0 0 0 0 0 0 0 0 0 0 0 0 0 0 0 0 0 0 0 0 0 
14 16 19 23 27 30 33 37 40 44 46 49 0 0 0 0 0 0 0 0 0 0 0 0 0 0 0 0 0 0 0 0 0 0 0 0 0 0 0 
15 17 20 24 28 31 35 39 42 45 49 52 54 0 0 0 0 0 0 0 0 0 0 0 0 0 0 0 0 0 0 0 0 0 0 0 0 0 0 
16 18 21 25 30 33 36 40 44 47 51 53 57 60 0 0 0 0 0 0 0 0 0 0 0 0 0 0 0 0 0 0 0 0 0 0 0 0 0 
17 19 22 26 31 34 38 42 46 49 53 56 59 62 64 0 0 0 0 0 0 0 0 0 0 0 0 0 0 0 0 0 0 0 0 0 0 0 0 
18 20 23 27 32 36 39 43 47 51 54 59 61 64 67 70 0 0 0 0 0 0 0 0 0 0 0 0 0 0 0 0 0 0 0 0 0 0 0 
19 21 24 28 33 37 41 45 49 53 56 61 63 67 69 73 76 0 0 0 0 0 0 0 0 0 0 0 0 0 0 0 0 0 0 0 0 0 0 
20 22 25 29 34 39 42 46 50 54 58 62 65 69 72 76 78 81 0 0 0 0 0 0 0 0 0 0 0 0 0 0 0 0 0 0 0 0 0 
21 23 26 30 35 40 44 48 52 56 60 64 68 70 75 78 81 84 87 0 0 0 0 0 0 0 0 0 0 0 0 0 0 0 0 0 0 0 0 
22 24 27 31 36 42 45 49 54 58 62 66 69 73 77 81 84 89 90 92 0 0 0 0 0 0 0 0 0 0 0 0 0 0 0 0 0 0 0 
23 25 28 32 37 43 47 51 55 60 64 67 71 75 79 83 87 89 93 95 98 0 0 0 0 0 0 0 0 0 0 0 0 0 0 0 0 0 0 
24 26 29 33 38 44 48 52 57 61 65 69 74 77 81 85 89 92 95 98 102 105 0 0 0 0 0 0 0 0 0 0 0 0 0 0 0 0 0 
25 27 30 34 39 45 50 54 58 63 67 71 75 80 84 87 90 94 98 101 105 108 111 0 0 0 0 0 0 0 0 0 0 0 0 0 0 0 0 
26 28 31 35 40 46 51 55 60 64 69 73 78 81 86 90 93 97 101 104 108 111 115 118 0 0 0 0 0 0 0 0 0 0 0 0 0 0 0 
27 29 32 36 41 47 53 57 61 66 70 76 80 83 88 91 96 99 103 107 111 113 117 121 124 0 0 0 0 0 0 0 0 0 0 0 0 0 0 
28 30 33 37 42 48 53 58 63 68 72 77 81 85 90 94 98 102 105 110 114 117 120 123 127 130 0 0 0 0 0 0 0 0 0 0 0 0 0 
29 31 34 38 43 49 55 60 64 69 74 79 83 88 92 97 100 104 109 113 116 119 123 128 130 133 137 0 0 0 0 0 0 0 0 0 0 0 0 
30 32 35 39 44 50 56 61 66 71 75 80 85 90 94 98 102 107 110 115 119 123 126 129 133 136 140 143 0 0 0 0 0 0 0 0 0 0 0 
31 33 36 40 45 51 57 62 67 72 77 83 86 92 96 101 105 109 113 118 121 125 129 133 136 140 143 147 150 0 0 0 0 0 0 0 0 0 0 
32 34 37 41 46 52 59 64 69 74 79 84 88 93 98 102 107 111 116 119 124 127 131 135 140 143 146 150 154 156 0 0 0 0 0 0 0 0 0 
33 35 38 42 47 53 60 65 70 75 81 85 91 95 100 104 109 114 118 122 126 130 134 139 142 145 152 153 157 160 164 0 0 0 0 0 0 0 0 
34 36 39 43 48 54 61 67 72 77 82 87 92 97 102 106 111 116 120 126 129 133 137 142 146 148 152 158 160 164 169 171 0 0 0 0 0 0 0 
35 37 40 44 49 55 62 68 73 78 83 89 94 100 104 109 113 118 123 126 131 135 139 143 149 151 156 160 164 167 172 175 178 0 0 0 0 0 0 
36 38 41 45 50 56 63 69 75 80 85 91 96 101 106 111 116 120 125 129 134 138 143 146 150 154 160 162 166 171 174 178 181 187 0 0 0 0 0 
37 39 42 46 51 57 64 71 76 81 87 92 97 102 108 113 118 123 127 131 136 141 145 149 153 158 161 166 170 175 177 181 184 189 193 0 0 0 0 
38 40 43 47 52 58 65 71 78 83 88 93 99 105 109 114 120 125 130 134 138 143 149 152 156 160 164 169 173 177 181 184 189 192 196 199 0 0 0 
39 41 44 48 53 59 66 73 79 84 90 95 100 106 111 117 122 127 132 136 141 145 150 154 159 163 167 171 175 180 183 188 193 196 200 203 207 0 0 
40 42 45 49 54 60 67 74 80 86 91 97 102 108 113 118 123 128 134 138 145 149 153 157 161 167 170 175 179 183 187 190 196 198 204 207 210 213 0 
41 43 46 50 55 61 68 75 81 87 92 98 104 110 115 121 125 131 136 141 145 150 155 160 164 169 173 180 181 186 190 194 199 203 207 212 214 218 221 
