3 0 0 0 0 0 0 0 0 0 0 0 0 0 0 0 0 0 0 0 0 0 0 0 0 0 0 0 0 0 0 0 0 0 0 0 0 0 0 
4 6 0 0 0 0 0 0 0 0 0 0 0 0 0 0 0 0 0 0 0 0 0 0 0 0 0 0 0 0 0 0 0 0 0 0 0 0 0 
5 7 9 0 0 0 0 0 0 0 0 0 0 0 0 0 0 0 0 0 0 0 0 0 0 0 0 0 0 0 0 0 0 0 0 0 0 0 0 
6 8 10 12 0 0 0 0 0 0 0 0 0 0 0 0 0 0 0 0 0 0 0 0 0 0 0 0 0 0 0 0 0 0 0 0 0 0 0 
7 9 12 14 16 0 0 0 0 0 0 0 0 0 0 0 0 0 0 0 0 0 0 0 0 0 0 0 0 0 0 0 0 0 0 0 0 0 0 
8 10 13 15 18 21 0 0 0 0 0 0 0 0 0 0 0 0 0 0 0 0 0 0 0 0 0 0 0 0 0 0 0 0 0 0 0 0 0 
9 11 14 17 19 22 24 0 0 0 0 0 0 0 0 0 0 0 0 0 0 0 0 0 0 0 0 0 0 0 0 0 0 0 0 0 0 0 0 
10 12 15 18 21 24 26 29 0 0 0 0 0 0 0 0 0 0 0 0 0 0 0 0 0 0 0 0 0 0 0 0 0 0 0 0 0 0 0 
11 13 16 20 22 25 28 31 34 0 0 0 0 0 0 0 0 0 0 0 0 0 0 0 0 0 0 0 0 0 0 0 0 0 0 0 0 0 0 
12 14 17 21 24 27 30 33 36 39 0 0 0 0 0 0 0 0 0 0 0 0 0 0 0 0 0 0 0 0 0 0 0 0 0 0 0 0 0 
13 15 18 22 25 28 32 35 39 42 45 0 0 0 0 0 0 0 0 0 0 0 0 0 0 0 0 0 0 0 0 0 0 0 0 0 0 0 0 
14 16 19 23 27 30 33 37 40 44 46 49 0 0 0 0 0 0 0 0 0 0 0 0 0 0 0 0 0 0 0 0 0 0 0 0 0 0 0 
15 17 20 24 28 31 35 39 42 45 49 51 55 0 0 0 0 0 0 0 0 0 0 0 0 0 0 0 0 0 0 0 0 0 0 0 0 0 0 
16 18 21 25 30 33 36 40 44 47 50 53 56 59 0 0 0 0 0 0 0 0 0 0 0 0 0 0 0 0 0 0 0 0 0 0 0 0 0 
17 19 22 26 31 34 38 42 45 49 52 56 59 61 64 0 0 0 0 0 0 0 0 0 0 0 0 0 0 0 0 0 0 0 0 0 0 0 0 
18 20 23 27 32 36 39 43 47 51 54 57 61 64 67 71 0 0 0 0 0 0 0 0 0 0 0 0 0 0 0 0 0 0 0 0 0 0 0 
19 21 24 28 33 37 41 45 49 53 56 60 64 66 69 72 75 0 0 0 0 0 0 0 0 0 0 0 0 0 0 0 0 0 0 0 0 0 0 
20 22 25 29 34 39 42 46 51 54 58 62 66 70 72 75 78 81 0 0 0 0 0 0 0 0 0 0 0 0 0 0 0 0 0 0 0 0 0 
21 23 26 30 35 40 44 48 52 57 61 64 68 72 74 78 81 83 87 0 0 0 0 0 0 0 0 0 0 0 0 0 0 0 0 0 0 0 0 
22 24 27 31 36 41 45 49 54 58 62 65 69 73 77 81 84 86 90 93 0 0 0 0 0 0 0 0 0 0 0 0 0 0 0 0 0 0 0 
23 25 28 32 37 43 47 51 55 60 63 68 72 76 79 82 86 90 93 96 98 0 0 0 0 0 0 0 0 0 0 0 0 0 0 0 0 0 0 
24 26 29 33 38 44 48 52 57 61 66 70 74 77 81 84 88 92 95 99 102 105 0 0 0 0 0 0 0 0 0 0 0 0 0 0 0 0 0 
25 27 30 34 39 45 50 54 58 63 67 71 76 79 83 87 91 95 98 102 105 108 111 0 0 0 0 0 0 0 0 0 0 0 0 0 0 0 0 
26 28 31 35 40 46 51 55 60 65 69 74 77 81 86 89 93 97 101 104 108 111 114 118 0 0 0 0 0 0 0 0 0 0 0 0 0 0 0 
27 29 32 36 41 47 53 57 61 66 70 75 79 83 87 92 96 99 103 107 110 114 117 120 124 0 0 0 0 0 0 0 0 0 0 0 0 0 0 
28 30 33 37 42 48 54 58 63 68 72 77 81 85 90 94 98 102 105 110 113 117 121 123 126 131 0 0 0 0 0 0 0 0 0 0 0 0 0 
29 31 34 38 43 49 55 60 64 69 74 78 83 87 92 96 100 104 108 112 117 120 123 126 130 133 136 0 0 0 0 0 0 0 0 0 0 0 0 
30 32 35 39 44 50 56 61 66 71 76 81 85 89 94 98 102 106 111 115 118 123 126 131 133 136 140 143 0 0 0 0 0 0 0 0 0 0 0 
31 33 36 40 45 51 57 63 67 72 77 83 87 91 96 101 105 109 114 117 121 124 128 133 136 140 143 147 150 0 0 0 0 0 0 0 0 0 0 
32 34 37 41 46 52 59 64 69 74 79 84 89 93 98 102 106 111 116 120 124 127 132 135 139 143 146 150 155 159 0 0 0 0 0 0 0 0 0 
33 35 38 42 47 53 60 66 70 75 80 85 91 95 101 104 109 113 117 122 126 130 134 139 143 146 149 152 157 161 165 0 0 0 0 0 0 0 0 
34 36 39 43 48 54 61 66 72 77 82 88 92 97 102 107 111 116 120 124 128 133 137 141 146 149 153 156 160 165 168 171 0 0 0 0 0 0 0 
35 37 40 44 49 55 62 68 73 78 84 89 94 99 104 109 113 119 122 127 132 135 139 143 148 152 156 159 163 168 171 174 177 0 0 0 0 0 0 
36 38 41 45 50 56 63 69 75 80 85 90 96 101 106 111 115 121 125 129 133 138 142 147 150 154 159 163 167 170 174 178 182 185 0 0 0 0 0 
37 39 42 46 51 57 64 71 76 81 86 93 98 103 108 113 117 122 127 131 137 142 145 149 154 157 162 166 169 174 176 180 185 187 192 0 0 0 0 
38 40 43 47 52 58 65 72 78 83 88 94 99 105 110 115 119 125 130 133 139 144 147 153 156 161 164 168 173 177 181 185 189 194 196 200 0 0 0 
39 41 44 48 53 59 66 73 79 84 89 95 101 106 112 117 122 127 132 136 141 145 150 154 158 163 167 172 176 179 184 188 191 195 198 203 208 0 0 
40 42 45 49 54 60 67 74 80 86 91 97 103 108 113 119 125 129 134 139 143 148 152 158 161 166 171 174 180 183 187 191 195 198 203 206 211 214 0 
41 43 46 50 55 61 68 75 82 87 93 99 104 110 116 120 126 131 136 141 146 150 155 160 166 169 173 177 181 187 190 194 198 203 206 210 215 218 222 
