3 0 0 0 0 0 0 0 0 0 0 0 0 0 0 0 0 0 0 0 0 0 0 0 0 0 0 0 0 0 0 0 0 0 0 0 0 0 0 
4 6 0 0 0 0 0 0 0 0 0 0 0 0 0 0 0 0 0 0 0 0 0 0 0 0 0 0 0 0 0 0 0 0 0 0 0 0 0 
5 7 9 0 0 0 0 0 0 0 0 0 0 0 0 0 0 0 0 0 0 0 0 0 0 0 0 0 0 0 0 0 0 0 0 0 0 0 0 
6 8 10 12 0 0 0 0 0 0 0 0 0 0 0 0 0 0 0 0 0 0 0 0 0 0 0 0 0 0 0 0 0 0 0 0 0 0 0 
7 9 12 14 16 0 0 0 0 0 0 0 0 0 0 0 0 0 0 0 0 0 0 0 0 0 0 0 0 0 0 0 0 0 0 0 0 0 0 
8 10 13 15 18 21 0 0 0 0 0 0 0 0 0 0 0 0 0 0 0 0 0 0 0 0 0 0 0 0 0 0 0 0 0 0 0 0 0 
9 11 14 17 19 22 24 0 0 0 0 0 0 0 0 0 0 0 0 0 0 0 0 0 0 0 0 0 0 0 0 0 0 0 0 0 0 0 0 
10 12 15 18 21 24 26 29 0 0 0 0 0 0 0 0 0 0 0 0 0 0 0 0 0 0 0 0 0 0 0 0 0 0 0 0 0 0 0 
11 13 16 20 22 25 28 31 34 0 0 0 0 0 0 0 0 0 0 0 0 0 0 0 0 0 0 0 0 0 0 0 0 0 0 0 0 0 0 
12 14 17 21 24 27 30 33 36 39 0 0 0 0 0 0 0 0 0 0 0 0 0 0 0 0 0 0 0 0 0 0 0 0 0 0 0 0 0 
13 15 18 22 25 28 32 36 39 42 45 0 0 0 0 0 0 0 0 0 0 0 0 0 0 0 0 0 0 0 0 0 0 0 0 0 0 0 0 
14 16 19 23 27 30 33 37 40 44 48 52 0 0 0 0 0 0 0 0 0 0 0 0 0 0 0 0 0 0 0 0 0 0 0 0 0 0 0 
15 17 20 24 28 31 35 39 42 45 49 53 56 0 0 0 0 0 0 0 0 0 0 0 0 0 0 0 0 0 0 0 0 0 0 0 0 0 0 
16 18 21 25 30 33 36 40 44 47 51 55 58 61 0 0 0 0 0 0 0 0 0 0 0 0 0 0 0 0 0 0 0 0 0 0 0 0 0 
17 19 22 26 31 34 38 42 46 49 53 57 60 64 67 0 0 0 0 0 0 0 0 0 0 0 0 0 0 0 0 0 0 0 0 0 0 0 0 
18 20 23 27 32 36 39 43 47 51 54 59 62 67 70 74 0 0 0 0 0 0 0 0 0 0 0 0 0 0 0 0 0 0 0 0 0 0 0 
19 21 24 28 33 37 41 45 49 53 57 61 65 69 73 77 81 0 0 0 0 0 0 0 0 0 0 0 0 0 0 0 0 0 0 0 0 0 0 
20 22 25 29 34 39 42 46 51 55 59 63 68 72 76 80 84 88 0 0 0 0 0 0 0 0 0 0 0 0 0 0 0 0 0 0 0 0 0 
21 23 26 30 35 40 44 48 52 57 61 65 70 75 80 84 88 92 96 0 0 0 0 0 0 0 0 0 0 0 0 0 0 0 0 0 0 0 0 
22 24 27 31 36 41 45 49 54 59 63 67 72 77 81 85 90 95 100 105 0 0 0 0 0 0 0 0 0 0 0 0 0 0 0 0 0 0 0 
23 25 28 32 37 43 47 51 55 60 64 69 73 78 83 87 91 96 101 106 108 0 0 0 0 0 0 0 0 0 0 0 0 0 0 0 0 0 0 
24 26 29 33 38 44 48 52 57 62 66 70 75 80 85 89 93 98 103 108 110 113 0 0 0 0 0 0 0 0 0 0 0 0 0 0 0 0 0 
25 27 30 34 39 45 50 54 58 63 68 73 77 82 85 90 95 100 105 110 112 116 120 0 0 0 0 0 0 0 0 0 0 0 0 0 0 0 0 
26 28 31 35 40 46 51 55 60 65 70 75 80 83 88 93 97 102 107 112 116 118 122 126 0 0 0 0 0 0 0 0 0 0 0 0 0 0 0 
27 29 32 36 41 47 52 57 61 66 71 78 81 85 89 95 100 105 108 111 119 122 126 130 133 0 0 0 0 0 0 0 0 0 0 0 0 0 0 
28 30 33 37 42 48 54 58 63 68 73 79 84 88 93 96 102 106 112 116 121 125 129 133 136 139 0 0 0 0 0 0 0 0 0 0 0 0 0 
29 31 34 38 43 49 56 60 64 69 75 81 85 90 95 97 104 109 114 118 123 127 131 136 141 144 151 0 0 0 0 0 0 0 0 0 0 0 0 
30 32 35 39 44 50 57 61 66 71 76 82 87 92 97 100 103 111 116 121 126 130 135 140 144 149 154 157 0 0 0 0 0 0 0 0 0 0 0 
31 33 36 40 45 51 58 63 67 72 78 84 89 93 99 103 107 113 117 122 128 132 137 142 146 151 156 160 164 0 0 0 0 0 0 0 0 0 0 
32 34 37 41 46 52 59 64 69 74 79 85 89 96 100 106 110 112 120 125 129 135 140 147 151 155 159 163 168 172 0 0 0 0 0 0 0 0 0 
33 35 38 42 47 53 60 66 70 75 81 87 92 97 103 108 113 117 123 129 134 139 143 149 154 157 163 168 172 178 189 0 0 0 0 0 0 0 0 
34 36 39 43 48 54 61 67 72 77 82 88 94 100 105 110 112 120 125 131 136 141 145 151 156 162 167 172 183 189 191 194 0 0 0 0 0 0 0 
35 37 40 44 49 55 62 69 73 78 84 90 95 102 106 112 115 121 125 132 138 143 148 153 159 166 171 178 186 192 193 197 200 0 0 0 0 0 0 
36 38 41 45 50 56 63 70 74 80 85 91 97 103 108 113 119 121 129 134 138 145 151 155 161 169 175 181 188 194 196 199 204 208 0 0 0 0 0 
37 39 42 46 51 57 64 71 76 81 86 92 99 106 111 116 121 126 131 136 141 148 153 151 164 171 177 183 190 196 198 203 207 211 215 0 0 0 0 
38 40 43 47 52 58 65 73 78 83 88 93 101 108 113 118 122 128 135 141 146 150 155 158 163 173 179 185 192 196 203 206 208 214 218 224 0 0 0 
39 41 44 48 53 59 66 74 79 84 90 95 102 109 115 121 126 130 136 143 148 154 159 163 167 175 178 187 195 201 206 210 214 219 223 229 233 0 0 
40 42 45 49 54 60 67 75 81 86 91 97 103 111 116 122 128 133 138 145 151 156 161 166 172 174 182 190 197 203 208 213 217 222 227 232 236 241 0 
41 43 46 50 55 61 68 76 82 87 93 99 105 112 116 124 130 136 141 147 153 159 164 169 172 179 185 192 199 205 210 215 220 225 230 235 239 244 250 
