3 0 0 0 0 0 0 0 0 0 0 0 0 0 0 0 0 0 0 0 0 0 0 0 0 0 0 0 0 0 0 0 0 0 0 0 0 0 0 
4 6 0 0 0 0 0 0 0 0 0 0 0 0 0 0 0 0 0 0 0 0 0 0 0 0 0 0 0 0 0 0 0 0 0 0 0 0 0 
5 7 9 0 0 0 0 0 0 0 0 0 0 0 0 0 0 0 0 0 0 0 0 0 0 0 0 0 0 0 0 0 0 0 0 0 0 0 0 
6 8 10 12 0 0 0 0 0 0 0 0 0 0 0 0 0 0 0 0 0 0 0 0 0 0 0 0 0 0 0 0 0 0 0 0 0 0 0 
7 9 12 14 16 0 0 0 0 0 0 0 0 0 0 0 0 0 0 0 0 0 0 0 0 0 0 0 0 0 0 0 0 0 0 0 0 0 0 
8 10 13 15 18 21 0 0 0 0 0 0 0 0 0 0 0 0 0 0 0 0 0 0 0 0 0 0 0 0 0 0 0 0 0 0 0 0 0 
9 11 14 17 19 22 24 0 0 0 0 0 0 0 0 0 0 0 0 0 0 0 0 0 0 0 0 0 0 0 0 0 0 0 0 0 0 0 0 
10 12 15 18 21 24 26 29 0 0 0 0 0 0 0 0 0 0 0 0 0 0 0 0 0 0 0 0 0 0 0 0 0 0 0 0 0 0 0 
11 13 16 20 22 25 28 31 34 0 0 0 0 0 0 0 0 0 0 0 0 0 0 0 0 0 0 0 0 0 0 0 0 0 0 0 0 0 0 
12 14 17 21 24 27 30 33 36 39 0 0 0 0 0 0 0 0 0 0 0 0 0 0 0 0 0 0 0 0 0 0 0 0 0 0 0 0 0 
13 15 18 22 25 28 32 36 39 42 45 0 0 0 0 0 0 0 0 0 0 0 0 0 0 0 0 0 0 0 0 0 0 0 0 0 0 0 0 
14 16 19 23 27 30 33 37 40 43 48 52 0 0 0 0 0 0 0 0 0 0 0 0 0 0 0 0 0 0 0 0 0 0 0 0 0 0 0 
15 17 20 24 28 31 35 39 42 45 49 53 56 0 0 0 0 0 0 0 0 0 0 0 0 0 0 0 0 0 0 0 0 0 0 0 0 0 0 
16 18 21 25 30 33 36 40 44 47 51 54 57 61 0 0 0 0 0 0 0 0 0 0 0 0 0 0 0 0 0 0 0 0 0 0 0 0 0 
17 19 22 26 31 34 38 42 46 50 53 57 60 64 67 0 0 0 0 0 0 0 0 0 0 0 0 0 0 0 0 0 0 0 0 0 0 0 0 
18 20 23 27 32 36 39 43 47 51 55 58 63 67 70 73 0 0 0 0 0 0 0 0 0 0 0 0 0 0 0 0 0 0 0 0 0 0 0 
19 21 24 28 33 37 41 45 49 53 57 61 65 69 73 77 81 0 0 0 0 0 0 0 0 0 0 0 0 0 0 0 0 0 0 0 0 0 0 
20 22 25 29 34 39 42 46 51 55 59 64 66 72 76 80 84 88 0 0 0 0 0 0 0 0 0 0 0 0 0 0 0 0 0 0 0 0 0 
21 23 26 30 35 40 44 48 52 56 61 65 69 75 80 84 88 92 96 0 0 0 0 0 0 0 0 0 0 0 0 0 0 0 0 0 0 0 0 
22 24 27 31 36 42 45 49 54 58 63 67 71 77 81 85 90 95 100 105 0 0 0 0 0 0 0 0 0 0 0 0 0 0 0 0 0 0 0 
23 25 28 32 37 42 47 51 55 60 64 69 73 77 82 87 91 96 101 106 108 0 0 0 0 0 0 0 0 0 0 0 0 0 0 0 0 0 0 
24 26 29 33 38 43 48 52 57 62 66 70 75 79 84 89 93 98 103 108 110 113 0 0 0 0 0 0 0 0 0 0 0 0 0 0 0 0 0 
25 27 30 34 39 45 50 54 58 63 68 73 77 81 85 90 95 99 105 110 113 116 120 0 0 0 0 0 0 0 0 0 0 0 0 0 0 0 0 
26 28 31 35 40 46 51 55 60 65 70 75 79 83 87 92 98 103 107 112 116 119 123 126 0 0 0 0 0 0 0 0 0 0 0 0 0 0 0 
27 29 32 36 41 47 52 57 61 66 71 76 82 86 90 94 99 104 108 109 116 121 124 129 133 0 0 0 0 0 0 0 0 0 0 0 0 0 0 
28 30 33 37 42 48 54 58 63 68 73 78 84 88 92 94 101 106 110 115 121 125 129 133 137 135 0 0 0 0 0 0 0 0 0 0 0 0 0 
29 31 34 38 43 49 55 60 64 69 74 80 85 90 94 97 102 108 114 119 124 128 132 137 141 145 151 0 0 0 0 0 0 0 0 0 0 0 0 
30 32 35 39 44 50 55 61 66 71 76 82 87 92 96 102 103 110 116 120 126 128 135 140 144 149 154 157 0 0 0 0 0 0 0 0 0 0 0 
31 33 36 40 45 51 58 63 67 72 77 83 89 93 99 101 108 112 118 123 128 133 138 142 147 151 153 160 164 0 0 0 0 0 0 0 0 0 0 
32 34 37 41 46 52 59 64 69 74 79 85 90 95 101 106 110 113 119 126 131 136 139 146 151 155 159 164 168 173 0 0 0 0 0 0 0 0 0 
33 35 38 42 47 53 60 66 70 75 81 86 92 98 103 108 110 118 123 127 133 138 139 147 153 159 164 169 173 183 189 0 0 0 0 0 0 0 0 
34 36 39 43 48 54 60 67 72 77 82 87 94 99 104 109 111 118 124 130 135 140 145 150 156 162 167 175 182 189 191 194 0 0 0 0 0 0 0 
35 37 40 44 49 55 62 69 73 78 83 90 95 101 107 111 116 118 125 131 137 143 147 152 158 164 170 179 184 190 193 197 201 0 0 0 0 0 0 
36 38 41 45 50 56 63 70 75 80 85 91 97 103 110 114 119 121 129 134 139 145 150 155 159 167 173 181 187 192 196 199 203 207 0 0 0 0 0 
37 39 42 46 51 57 64 71 76 81 87 92 99 104 111 116 121 126 129 138 143 148 153 150 160 170 175 183 189 196 200 203 207 210 214 0 0 0 0 
38 40 43 47 52 58 64 71 78 83 88 94 100 107 113 118 124 127 133 141 146 151 156 161 160 169 177 186 192 199 203 207 211 214 220 225 0 0 0 
39 41 44 48 53 59 66 73 79 84 89 95 102 108 114 120 126 127 133 140 148 153 158 164 169 174 175 185 191 201 206 210 214 218 224 229 233 0 0 
40 42 45 49 54 60 67 75 81 86 91 97 103 109 116 121 127 134 139 145 149 155 160 167 172 176 181 188 194 203 208 212 216 220 227 231 235 240 0 
41 43 46 50 55 61 68 76 82 87 93 99 105 111 116 123 130 136 141 147 152 158 163 169 173 178 183 191 197 205 210 215 220 224 230 234 239 244 249 
