3 0 0 0 0 0 0 0 0 0 0 0 0 0 0 0 0 0 0 0 0 0 0 0 0 0 0 0 0 0 0 0 0 0 0 0 0 0 0 
4 6 0 0 0 0 0 0 0 0 0 0 0 0 0 0 0 0 0 0 0 0 0 0 0 0 0 0 0 0 0 0 0 0 0 0 0 0 0 
5 7 9 0 0 0 0 0 0 0 0 0 0 0 0 0 0 0 0 0 0 0 0 0 0 0 0 0 0 0 0 0 0 0 0 0 0 0 0 
6 8 10 12 0 0 0 0 0 0 0 0 0 0 0 0 0 0 0 0 0 0 0 0 0 0 0 0 0 0 0 0 0 0 0 0 0 0 0 
7 9 12 14 16 0 0 0 0 0 0 0 0 0 0 0 0 0 0 0 0 0 0 0 0 0 0 0 0 0 0 0 0 0 0 0 0 0 0 
8 10 13 15 18 21 0 0 0 0 0 0 0 0 0 0 0 0 0 0 0 0 0 0 0 0 0 0 0 0 0 0 0 0 0 0 0 0 0 
9 11 14 17 19 22 24 0 0 0 0 0 0 0 0 0 0 0 0 0 0 0 0 0 0 0 0 0 0 0 0 0 0 0 0 0 0 0 0 
10 12 15 18 21 24 26 29 0 0 0 0 0 0 0 0 0 0 0 0 0 0 0 0 0 0 0 0 0 0 0 0 0 0 0 0 0 0 0 
11 13 16 20 22 25 28 31 34 0 0 0 0 0 0 0 0 0 0 0 0 0 0 0 0 0 0 0 0 0 0 0 0 0 0 0 0 0 0 
12 14 17 21 24 27 30 33 36 39 0 0 0 0 0 0 0 0 0 0 0 0 0 0 0 0 0 0 0 0 0 0 0 0 0 0 0 0 0 
13 15 18 22 25 28 31 36 39 42 45 0 0 0 0 0 0 0 0 0 0 0 0 0 0 0 0 0 0 0 0 0 0 0 0 0 0 0 0 
14 16 19 23 27 30 33 37 40 44 48 52 0 0 0 0 0 0 0 0 0 0 0 0 0 0 0 0 0 0 0 0 0 0 0 0 0 0 0 
15 17 20 24 28 31 35 39 42 45 49 53 56 0 0 0 0 0 0 0 0 0 0 0 0 0 0 0 0 0 0 0 0 0 0 0 0 0 0 
16 18 21 25 30 33 36 40 44 47 50 55 57 60 0 0 0 0 0 0 0 0 0 0 0 0 0 0 0 0 0 0 0 0 0 0 0 0 0 
17 19 22 26 31 34 38 42 46 50 53 57 60 64 67 0 0 0 0 0 0 0 0 0 0 0 0 0 0 0 0 0 0 0 0 0 0 0 0 
18 20 23 27 32 36 39 43 47 51 54 59 63 67 70 74 0 0 0 0 0 0 0 0 0 0 0 0 0 0 0 0 0 0 0 0 0 0 0 
19 21 24 28 33 37 41 45 49 53 57 60 64 69 73 77 81 0 0 0 0 0 0 0 0 0 0 0 0 0 0 0 0 0 0 0 0 0 0 
20 22 25 29 34 39 42 46 51 55 59 63 65 72 76 80 84 88 0 0 0 0 0 0 0 0 0 0 0 0 0 0 0 0 0 0 0 0 0 
21 23 26 30 35 40 44 48 52 56 61 64 68 72 76 80 84 87 96 0 0 0 0 0 0 0 0 0 0 0 0 0 0 0 0 0 0 0 0 
22 24 27 31 36 41 45 49 53 58 63 66 70 74 80 85 89 95 100 105 0 0 0 0 0 0 0 0 0 0 0 0 0 0 0 0 0 0 0 
23 25 28 32 37 43 47 51 55 59 64 68 72 77 81 85 89 93 101 106 108 0 0 0 0 0 0 0 0 0 0 0 0 0 0 0 0 0 0 
24 26 29 33 38 44 48 52 56 61 66 71 75 79 83 87 91 95 103 108 110 113 0 0 0 0 0 0 0 0 0 0 0 0 0 0 0 0 0 
25 27 30 34 39 45 50 54 58 62 68 72 76 81 85 89 93 97 105 110 112 116 120 0 0 0 0 0 0 0 0 0 0 0 0 0 0 0 0 
26 28 31 35 40 46 51 55 60 65 70 74 78 83 86 92 97 101 105 112 115 119 122 125 0 0 0 0 0 0 0 0 0 0 0 0 0 0 0 
27 29 32 36 41 47 52 57 61 66 71 76 81 85 88 95 99 103 107 113 117 123 126 130 133 0 0 0 0 0 0 0 0 0 0 0 0 0 0 
28 30 33 37 42 48 54 58 63 68 73 78 83 87 91 97 102 106 111 116 120 125 129 133 136 139 0 0 0 0 0 0 0 0 0 0 0 0 0 
29 31 34 38 43 49 55 60 64 69 74 81 85 90 94 97 102 107 111 117 121 128 132 136 140 143 147 0 0 0 0 0 0 0 0 0 0 0 0 
30 32 35 39 44 50 57 61 66 71 76 82 86 90 96 100 105 109 114 119 124 130 134 138 142 147 150 153 0 0 0 0 0 0 0 0 0 0 0 
31 33 36 40 45 51 57 63 67 72 77 83 88 93 98 102 106 112 118 122 126 133 138 142 146 150 154 158 163 0 0 0 0 0 0 0 0 0 0 
32 34 37 41 46 52 59 64 69 74 79 85 90 95 100 104 107 114 120 125 129 135 140 145 149 154 158 162 166 171 0 0 0 0 0 0 0 0 0 
33 35 38 42 47 53 60 65 70 75 80 86 91 96 102 107 111 115 122 127 132 136 140 145 149 154 160 164 168 174 182 0 0 0 0 0 0 0 0 
34 36 39 43 48 54 61 67 72 77 82 87 93 98 103 109 112 118 124 128 133 140 145 150 155 160 165 170 174 178 185 189 0 0 0 0 0 0 0 
35 37 40 44 49 55 62 68 73 78 83 89 95 100 106 111 115 120 125 130 135 142 147 152 157 162 167 171 175 181 188 194 199 0 0 0 0 0 0 
36 38 41 45 50 56 63 70 75 80 85 91 96 103 108 113 118 123 129 134 139 144 149 154 159 163 168 173 179 185 191 198 204 208 0 0 0 0 0 
37 39 42 46 51 57 64 71 76 81 86 92 98 104 110 115 121 123 129 136 141 146 152 155 161 166 171 177 181 188 194 201 208 212 216 0 0 0 0 
38 40 43 47 52 58 65 72 78 83 88 94 99 106 112 117 123 126 134 140 145 151 156 161 165 169 173 178 185 190 197 204 210 215 219 224 0 0 0 
39 41 44 48 53 59 66 73 79 84 90 96 101 108 114 119 124 128 136 141 146 151 156 161 164 169 176 181 188 194 201 207 213 218 222 227 232 0 0 
40 42 45 49 54 60 67 74 81 86 91 97 102 110 116 121 127 132 135 143 149 154 159 165 170 175 180 184 191 196 203 209 216 221 225 231 235 240 0 
41 43 46 50 55 61 68 76 82 87 93 98 104 111 118 123 129 135 139 145 151 157 162 167 171 176 182 187 194 199 207 212 217 224 228 234 239 243 247 
