3 0 0 0 0 0 0 0 0 0 0 0 0 0 0 0 0 0 0 0 0 0 0 0 0 0 0 0 0 0 0 0 0 0 0 0 0 0 0 
4 6 0 0 0 0 0 0 0 0 0 0 0 0 0 0 0 0 0 0 0 0 0 0 0 0 0 0 0 0 0 0 0 0 0 0 0 0 0 
5 7 9 0 0 0 0 0 0 0 0 0 0 0 0 0 0 0 0 0 0 0 0 0 0 0 0 0 0 0 0 0 0 0 0 0 0 0 0 
6 8 10 12 0 0 0 0 0 0 0 0 0 0 0 0 0 0 0 0 0 0 0 0 0 0 0 0 0 0 0 0 0 0 0 0 0 0 0 
7 9 12 14 16 0 0 0 0 0 0 0 0 0 0 0 0 0 0 0 0 0 0 0 0 0 0 0 0 0 0 0 0 0 0 0 0 0 0 
8 10 13 15 18 21 0 0 0 0 0 0 0 0 0 0 0 0 0 0 0 0 0 0 0 0 0 0 0 0 0 0 0 0 0 0 0 0 0 
9 11 14 17 19 22 24 0 0 0 0 0 0 0 0 0 0 0 0 0 0 0 0 0 0 0 0 0 0 0 0 0 0 0 0 0 0 0 0 
10 12 15 18 21 24 26 29 0 0 0 0 0 0 0 0 0 0 0 0 0 0 0 0 0 0 0 0 0 0 0 0 0 0 0 0 0 0 0 
11 13 16 20 22 25 28 31 34 0 0 0 0 0 0 0 0 0 0 0 0 0 0 0 0 0 0 0 0 0 0 0 0 0 0 0 0 0 0 
12 14 17 21 24 27 30 33 36 39 0 0 0 0 0 0 0 0 0 0 0 0 0 0 0 0 0 0 0 0 0 0 0 0 0 0 0 0 0 
13 15 18 22 25 28 32 36 39 42 45 0 0 0 0 0 0 0 0 0 0 0 0 0 0 0 0 0 0 0 0 0 0 0 0 0 0 0 0 
14 16 19 23 27 30 33 37 40 44 48 52 0 0 0 0 0 0 0 0 0 0 0 0 0 0 0 0 0 0 0 0 0 0 0 0 0 0 0 
15 17 20 24 28 31 35 39 42 45 49 53 55 0 0 0 0 0 0 0 0 0 0 0 0 0 0 0 0 0 0 0 0 0 0 0 0 0 0 
16 18 21 25 30 33 36 40 44 47 50 55 57 61 0 0 0 0 0 0 0 0 0 0 0 0 0 0 0 0 0 0 0 0 0 0 0 0 0 
17 19 22 26 31 34 38 42 46 50 53 57 60 63 67 0 0 0 0 0 0 0 0 0 0 0 0 0 0 0 0 0 0 0 0 0 0 0 0 
18 20 23 27 32 36 39 43 47 51 55 59 63 67 70 73 0 0 0 0 0 0 0 0 0 0 0 0 0 0 0 0 0 0 0 0 0 0 0 
19 21 24 28 33 37 41 45 49 53 57 61 65 69 73 77 81 0 0 0 0 0 0 0 0 0 0 0 0 0 0 0 0 0 0 0 0 0 0 
20 22 25 29 34 39 42 46 50 55 58 63 68 72 76 80 84 88 0 0 0 0 0 0 0 0 0 0 0 0 0 0 0 0 0 0 0 0 0 
21 23 26 30 35 40 44 48 52 56 61 66 70 74 80 84 88 92 96 0 0 0 0 0 0 0 0 0 0 0 0 0 0 0 0 0 0 0 0 
22 24 27 31 36 42 45 49 54 58 63 66 71 77 81 85 90 95 100 105 0 0 0 0 0 0 0 0 0 0 0 0 0 0 0 0 0 0 0 
23 25 28 32 37 42 47 51 55 60 64 68 73 77 83 87 91 96 101 106 108 0 0 0 0 0 0 0 0 0 0 0 0 0 0 0 0 0 0 
24 26 29 33 38 44 48 52 57 62 66 70 75 79 85 89 93 98 103 108 110 113 0 0 0 0 0 0 0 0 0 0 0 0 0 0 0 0 0 
25 27 30 34 39 45 50 54 58 63 68 72 77 82 84 89 95 99 105 110 113 116 119 0 0 0 0 0 0 0 0 0 0 0 0 0 0 0 0 
26 28 31 35 40 46 51 55 60 65 69 75 79 83 87 91 97 101 107 112 115 118 123 126 0 0 0 0 0 0 0 0 0 0 0 0 0 0 0 
27 29 32 36 41 47 53 57 61 66 71 78 82 86 89 95 100 105 110 115 120 125 129 134 138 0 0 0 0 0 0 0 0 0 0 0 0 0 0 
28 30 33 37 42 48 54 58 63 68 72 78 83 88 92 95 100 105 110 115 118 123 128 133 138 142 0 0 0 0 0 0 0 0 0 0 0 0 0 
29 31 34 38 43 49 56 60 64 69 74 80 85 90 94 97 102 107 112 116 121 124 132 136 140 144 149 0 0 0 0 0 0 0 0 0 0 0 0 
30 32 35 39 44 50 55 61 66 71 76 82 87 92 97 101 103 109 115 120 124 133 140 145 150 155 160 165 0 0 0 0 0 0 0 0 0 0 0 
31 33 36 40 45 50 58 63 67 72 78 84 89 93 97 103 109 114 119 125 130 137 143 149 155 160 165 170 175 0 0 0 0 0 0 0 0 0 0 
32 34 37 41 46 52 59 64 69 74 79 84 90 95 100 105 110 113 118 124 130 139 144 150 155 162 168 174 180 186 0 0 0 0 0 0 0 0 0 
33 35 38 42 47 53 60 66 70 75 80 86 92 97 102 107 110 117 122 128 133 141 146 152 157 162 168 175 181 187 189 0 0 0 0 0 0 0 0 
34 36 39 43 48 54 60 66 72 77 82 88 94 100 105 109 111 118 124 129 134 142 148 154 159 164 170 176 183 189 191 194 0 0 0 0 0 0 0 
35 37 40 44 49 55 62 69 73 78 84 90 95 101 107 112 117 119 124 128 136 144 149 155 161 166 172 177 186 192 194 197 200 0 0 0 0 0 0 
36 38 41 45 50 56 63 70 75 80 85 91 96 103 109 114 119 121 127 132 138 143 149 156 161 166 172 178 188 194 196 199 203 206 0 0 0 0 0 
37 39 42 46 51 57 64 72 76 81 87 92 99 105 110 116 121 126 130 135 142 147 152 151 158 167 174 181 190 196 198 201 206 210 213 0 0 0 0 
38 40 43 47 52 58 64 72 78 83 88 94 100 105 112 118 123 128 132 137 143 150 155 161 162 168 176 184 189 196 200 205 207 212 217 222 0 0 0 
39 41 44 48 53 59 66 73 79 84 90 96 102 109 114 120 125 127 135 142 149 154 159 164 169 174 179 184 191 199 205 209 213 217 221 225 229 0 0 
40 42 45 49 54 60 67 75 81 86 91 97 103 109 116 121 128 133 138 143 146 152 159 165 170 169 178 187 192 200 205 210 215 218 223 227 233 237 0 
41 43 46 50 55 61 68 76 82 87 93 99 105 111 117 123 129 134 139 146 151 156 162 167 173 178 183 190 196 203 208 211 217 222 226 230 236 240 244 
