3 0 0 0 0 0 0 0 0 0 0 0 0 0 0 0 0 0 0 0 0 0 0 0 0 0 0 0 0 0 0 0 0 0 0 0 0 0 0 
4 6 0 0 0 0 0 0 0 0 0 0 0 0 0 0 0 0 0 0 0 0 0 0 0 0 0 0 0 0 0 0 0 0 0 0 0 0 0 
5 7 9 0 0 0 0 0 0 0 0 0 0 0 0 0 0 0 0 0 0 0 0 0 0 0 0 0 0 0 0 0 0 0 0 0 0 0 0 
6 8 10 12 0 0 0 0 0 0 0 0 0 0 0 0 0 0 0 0 0 0 0 0 0 0 0 0 0 0 0 0 0 0 0 0 0 0 0 
7 9 12 14 16 0 0 0 0 0 0 0 0 0 0 0 0 0 0 0 0 0 0 0 0 0 0 0 0 0 0 0 0 0 0 0 0 0 0 
8 10 13 15 18 21 0 0 0 0 0 0 0 0 0 0 0 0 0 0 0 0 0 0 0 0 0 0 0 0 0 0 0 0 0 0 0 0 0 
9 11 14 17 19 22 24 0 0 0 0 0 0 0 0 0 0 0 0 0 0 0 0 0 0 0 0 0 0 0 0 0 0 0 0 0 0 0 0 
10 12 15 18 21 24 26 29 0 0 0 0 0 0 0 0 0 0 0 0 0 0 0 0 0 0 0 0 0 0 0 0 0 0 0 0 0 0 0 
11 13 16 20 22 25 28 31 34 0 0 0 0 0 0 0 0 0 0 0 0 0 0 0 0 0 0 0 0 0 0 0 0 0 0 0 0 0 0 
12 14 17 21 24 27 30 33 36 39 0 0 0 0 0 0 0 0 0 0 0 0 0 0 0 0 0 0 0 0 0 0 0 0 0 0 0 0 0 
13 15 18 22 25 28 32 36 39 42 45 0 0 0 0 0 0 0 0 0 0 0 0 0 0 0 0 0 0 0 0 0 0 0 0 0 0 0 0 
14 16 19 23 27 30 33 37 40 44 48 52 0 0 0 0 0 0 0 0 0 0 0 0 0 0 0 0 0 0 0 0 0 0 0 0 0 0 0 
15 17 20 24 28 31 35 39 42 45 49 53 55 0 0 0 0 0 0 0 0 0 0 0 0 0 0 0 0 0 0 0 0 0 0 0 0 0 0 
16 18 21 25 30 33 36 40 44 47 50 55 57 61 0 0 0 0 0 0 0 0 0 0 0 0 0 0 0 0 0 0 0 0 0 0 0 0 0 
17 19 22 26 31 34 38 42 45 50 53 56 60 64 67 0 0 0 0 0 0 0 0 0 0 0 0 0 0 0 0 0 0 0 0 0 0 0 0 
18 20 23 27 32 36 39 43 47 51 54 59 63 67 70 73 0 0 0 0 0 0 0 0 0 0 0 0 0 0 0 0 0 0 0 0 0 0 0 
19 21 24 28 33 37 41 45 49 53 57 60 65 69 73 77 81 0 0 0 0 0 0 0 0 0 0 0 0 0 0 0 0 0 0 0 0 0 0 
20 22 25 29 34 38 42 46 51 55 58 63 68 72 76 80 84 88 0 0 0 0 0 0 0 0 0 0 0 0 0 0 0 0 0 0 0 0 0 
21 23 26 30 35 40 44 48 51 56 61 65 68 74 80 84 88 92 96 0 0 0 0 0 0 0 0 0 0 0 0 0 0 0 0 0 0 0 0 
22 24 27 31 36 42 45 49 53 58 63 67 71 77 81 85 89 95 100 105 0 0 0 0 0 0 0 0 0 0 0 0 0 0 0 0 0 0 0 
23 25 28 32 37 43 47 51 55 60 64 68 73 76 83 87 91 96 101 106 108 0 0 0 0 0 0 0 0 0 0 0 0 0 0 0 0 0 0 
24 26 29 33 38 44 48 52 57 61 66 70 75 79 85 89 93 98 103 108 110 113 0 0 0 0 0 0 0 0 0 0 0 0 0 0 0 0 0 
25 27 30 34 39 45 50 54 58 63 68 72 77 81 83 89 93 100 104 110 113 116 119 0 0 0 0 0 0 0 0 0 0 0 0 0 0 0 0 
26 28 31 35 40 46 51 55 60 64 69 74 78 83 86 92 96 101 106 112 115 119 123 126 0 0 0 0 0 0 0 0 0 0 0 0 0 0 0 
27 29 32 36 41 47 52 57 61 66 71 76 80 85 88 94 99 103 107 113 118 123 126 129 132 0 0 0 0 0 0 0 0 0 0 0 0 0 0 
28 30 33 37 42 48 54 58 63 68 72 78 83 87 91 96 102 106 110 116 120 125 129 133 137 141 0 0 0 0 0 0 0 0 0 0 0 0 0 
29 31 34 38 43 49 55 60 64 69 74 80 85 89 94 97 103 108 114 118 122 128 133 137 141 145 149 0 0 0 0 0 0 0 0 0 0 0 0 
30 32 35 39 44 50 56 61 66 71 76 81 87 92 96 99 104 111 116 120 124 131 136 140 144 148 154 157 0 0 0 0 0 0 0 0 0 0 0 
31 33 36 40 45 51 57 63 67 72 78 84 89 94 99 102 106 113 117 122 126 133 137 142 146 152 157 160 164 0 0 0 0 0 0 0 0 0 0 
32 34 37 41 46 52 59 64 69 74 79 84 90 95 100 104 109 115 120 124 130 135 140 145 150 154 159 164 168 173 0 0 0 0 0 0 0 0 0 
33 35 38 42 47 53 60 66 70 75 80 86 91 96 102 107 111 115 123 128 132 136 141 148 153 157 162 166 172 176 181 0 0 0 0 0 0 0 0 
34 36 39 43 48 54 61 67 72 77 82 88 93 99 104 109 111 119 125 130 135 140 144 151 155 159 165 169 175 180 186 190 0 0 0 0 0 0 0 
35 37 40 44 49 55 62 68 73 78 83 88 95 100 106 111 114 121 127 132 137 142 147 152 157 163 168 173 179 184 189 195 199 0 0 0 0 0 0 
36 38 41 45 50 56 63 70 75 80 85 91 97 103 108 113 118 121 128 134 139 144 148 154 159 166 171 177 181 185 192 199 203 208 0 0 0 0 0 
37 39 42 46 51 57 64 71 76 81 86 93 98 105 110 115 120 126 130 136 142 147 152 156 161 169 174 180 185 189 194 202 208 212 216 0 0 0 0 
38 40 43 47 52 58 65 72 78 83 88 94 100 105 112 117 122 129 134 139 145 150 156 161 166 171 175 183 188 193 197 204 210 215 219 224 0 0 0 
39 41 44 48 53 59 66 73 79 84 90 96 101 108 114 119 125 129 136 141 147 152 159 164 169 174 178 186 191 196 201 207 213 218 222 227 232 0 0 
40 42 45 49 54 60 67 74 81 86 91 97 104 110 116 121 127 132 135 142 149 155 161 166 170 175 180 188 193 198 202 209 216 221 225 230 235 240 0 
41 43 46 50 55 61 68 75 82 87 93 99 104 110 118 124 129 134 138 145 152 157 164 169 173 178 183 189 196 202 207 212 219 224 229 234 238 244 248 
