3 0 0 0 0 0 0 0 0 0 0 0 0 0 0 0 0 0 0 0 0 0 0 0 0 0 0 0 0 0 0 0 0 0 0 0 0 0 0 
4 6 0 0 0 0 0 0 0 0 0 0 0 0 0 0 0 0 0 0 0 0 0 0 0 0 0 0 0 0 0 0 0 0 0 0 0 0 0 
5 7 9 0 0 0 0 0 0 0 0 0 0 0 0 0 0 0 0 0 0 0 0 0 0 0 0 0 0 0 0 0 0 0 0 0 0 0 0 
6 8 10 12 0 0 0 0 0 0 0 0 0 0 0 0 0 0 0 0 0 0 0 0 0 0 0 0 0 0 0 0 0 0 0 0 0 0 0 
7 9 12 14 16 0 0 0 0 0 0 0 0 0 0 0 0 0 0 0 0 0 0 0 0 0 0 0 0 0 0 0 0 0 0 0 0 0 0 
8 10 13 15 18 21 0 0 0 0 0 0 0 0 0 0 0 0 0 0 0 0 0 0 0 0 0 0 0 0 0 0 0 0 0 0 0 0 0 
9 11 14 17 19 22 24 0 0 0 0 0 0 0 0 0 0 0 0 0 0 0 0 0 0 0 0 0 0 0 0 0 0 0 0 0 0 0 0 
10 12 15 18 21 24 26 29 0 0 0 0 0 0 0 0 0 0 0 0 0 0 0 0 0 0 0 0 0 0 0 0 0 0 0 0 0 0 0 
11 13 16 20 22 25 28 31 34 0 0 0 0 0 0 0 0 0 0 0 0 0 0 0 0 0 0 0 0 0 0 0 0 0 0 0 0 0 0 
12 14 17 21 24 27 30 33 36 39 0 0 0 0 0 0 0 0 0 0 0 0 0 0 0 0 0 0 0 0 0 0 0 0 0 0 0 0 0 
13 15 18 22 25 28 32 36 39 42 45 0 0 0 0 0 0 0 0 0 0 0 0 0 0 0 0 0 0 0 0 0 0 0 0 0 0 0 0 
14 16 19 23 27 30 33 37 40 44 48 52 0 0 0 0 0 0 0 0 0 0 0 0 0 0 0 0 0 0 0 0 0 0 0 0 0 0 0 
15 17 20 24 28 31 35 39 42 45 49 53 56 0 0 0 0 0 0 0 0 0 0 0 0 0 0 0 0 0 0 0 0 0 0 0 0 0 0 
16 18 21 25 30 33 36 40 44 47 51 55 58 61 0 0 0 0 0 0 0 0 0 0 0 0 0 0 0 0 0 0 0 0 0 0 0 0 0 
17 19 22 26 31 34 38 42 46 49 53 57 60 64 66 0 0 0 0 0 0 0 0 0 0 0 0 0 0 0 0 0 0 0 0 0 0 0 0 
18 20 23 27 32 36 39 43 47 51 55 59 62 66 69 71 0 0 0 0 0 0 0 0 0 0 0 0 0 0 0 0 0 0 0 0 0 0 0 
19 21 24 28 33 37 41 45 49 53 57 61 64 68 72 76 77 0 0 0 0 0 0 0 0 0 0 0 0 0 0 0 0 0 0 0 0 0 0 
20 22 25 29 34 39 42 46 51 55 58 62 67 72 74 77 81 83 0 0 0 0 0 0 0 0 0 0 0 0 0 0 0 0 0 0 0 0 0 
21 23 26 30 35 40 44 48 52 57 60 64 68 72 75 79 84 87 90 0 0 0 0 0 0 0 0 0 0 0 0 0 0 0 0 0 0 0 0 
22 24 27 31 36 42 45 49 54 58 62 66 70 74 78 83 85 89 92 95 0 0 0 0 0 0 0 0 0 0 0 0 0 0 0 0 0 0 0 
23 25 28 32 37 43 47 51 55 60 64 68 72 76 80 84 88 90 95 98 102 0 0 0 0 0 0 0 0 0 0 0 0 0 0 0 0 0 0 
24 26 29 33 38 44 48 52 57 62 66 70 74 78 83 87 91 94 97 101 104 108 0 0 0 0 0 0 0 0 0 0 0 0 0 0 0 0 0 
25 27 30 34 39 45 50 54 58 63 68 72 76 80 84 88 93 97 100 103 107 111 114 0 0 0 0 0 0 0 0 0 0 0 0 0 0 0 0 
26 28 31 35 40 46 51 55 60 65 70 74 78 82 86 90 94 98 102 106 109 113 116 119 0 0 0 0 0 0 0 0 0 0 0 0 0 0 0 
27 29 32 36 41 47 52 57 61 66 71 75 80 84 89 93 96 101 104 108 112 115 118 123 127 0 0 0 0 0 0 0 0 0 0 0 0 0 0 
28 30 33 37 42 48 53 58 63 68 72 77 82 87 90 95 99 102 107 111 114 119 123 126 130 132 0 0 0 0 0 0 0 0 0 0 0 0 0 
29 31 34 38 43 49 55 60 64 69 74 79 84 89 92 97 102 105 109 114 117 122 125 128 133 135 140 0 0 0 0 0 0 0 0 0 0 0 0 
30 32 35 39 44 50 56 61 66 71 76 81 86 90 95 99 103 107 112 116 120 124 127 131 134 139 144 147 0 0 0 0 0 0 0 0 0 0 0 
31 33 36 40 45 51 57 62 67 72 78 83 87 92 97 101 106 109 114 120 122 126 131 134 138 142 146 148 152 0 0 0 0 0 0 0 0 0 0 
32 34 37 41 46 52 59 64 69 74 79 84 89 94 99 103 108 111 117 121 125 129 133 139 141 144 147 154 156 159 0 0 0 0 0 0 0 0 0 
33 35 38 42 47 53 60 65 70 75 81 87 91 96 101 106 110 114 119 123 127 132 136 140 144 147 152 156 158 162 166 0 0 0 0 0 0 0 0 
34 36 39 43 48 54 61 66 72 77 82 88 93 97 103 107 111 117 120 125 129 134 139 142 147 151 155 157 162 166 169 173 0 0 0 0 0 0 0 
35 37 40 44 49 55 62 68 73 78 83 89 94 99 105 110 114 119 124 128 132 137 141 145 150 154 158 162 165 170 173 176 179 0 0 0 0 0 0 
36 38 41 45 50 56 63 69 74 80 85 91 96 101 106 111 116 122 126 130 135 140 144 148 152 156 160 165 169 174 175 180 185 187 0 0 0 0 0 
37 39 42 46 51 57 64 70 76 81 87 93 98 104 108 113 118 123 128 132 137 142 147 150 155 159 164 167 171 176 181 183 187 191 195 0 0 0 0 
38 40 43 47 52 58 65 71 77 83 88 94 100 105 110 116 120 125 131 135 139 143 148 154 158 161 165 171 176 181 183 187 190 194 198 203 0 0 0 
39 41 44 48 53 59 66 73 78 84 89 96 101 107 113 117 122 127 132 137 143 147 151 157 161 164 169 174 177 183 186 189 193 200 201 206 210 0 0 
40 42 45 49 54 60 67 74 79 86 91 97 103 109 114 119 124 130 135 140 144 148 155 158 163 167 172 176 181 186 190 193 197 200 205 211 212 217 0 
41 43 46 50 55 61 68 75 81 86 93 98 104 110 115 121 126 132 137 142 146 153 157 161 165 170 175 179 183 188 192 196 199 203 209 212 217 221 224 
