3 0 0 0 0 0 0 0 0 0 0 0 0 0 0 0 0 0 0 0 0 0 0 0 0 0 0 0 0 0 0 0 0 0 0 0 0 0 0 
4 6 0 0 0 0 0 0 0 0 0 0 0 0 0 0 0 0 0 0 0 0 0 0 0 0 0 0 0 0 0 0 0 0 0 0 0 0 0 
5 7 9 0 0 0 0 0 0 0 0 0 0 0 0 0 0 0 0 0 0 0 0 0 0 0 0 0 0 0 0 0 0 0 0 0 0 0 0 
6 8 10 12 0 0 0 0 0 0 0 0 0 0 0 0 0 0 0 0 0 0 0 0 0 0 0 0 0 0 0 0 0 0 0 0 0 0 0 
7 9 12 14 16 0 0 0 0 0 0 0 0 0 0 0 0 0 0 0 0 0 0 0 0 0 0 0 0 0 0 0 0 0 0 0 0 0 0 
8 10 13 15 18 21 0 0 0 0 0 0 0 0 0 0 0 0 0 0 0 0 0 0 0 0 0 0 0 0 0 0 0 0 0 0 0 0 0 
9 11 14 17 19 22 24 0 0 0 0 0 0 0 0 0 0 0 0 0 0 0 0 0 0 0 0 0 0 0 0 0 0 0 0 0 0 0 0 
10 12 15 18 21 24 26 29 0 0 0 0 0 0 0 0 0 0 0 0 0 0 0 0 0 0 0 0 0 0 0 0 0 0 0 0 0 0 0 
11 13 16 20 22 25 28 31 34 0 0 0 0 0 0 0 0 0 0 0 0 0 0 0 0 0 0 0 0 0 0 0 0 0 0 0 0 0 0 
12 14 17 21 24 27 30 33 36 39 0 0 0 0 0 0 0 0 0 0 0 0 0 0 0 0 0 0 0 0 0 0 0 0 0 0 0 0 0 
13 15 18 22 25 28 32 35 39 42 45 0 0 0 0 0 0 0 0 0 0 0 0 0 0 0 0 0 0 0 0 0 0 0 0 0 0 0 0 
14 16 19 23 27 30 33 36 40 44 46 49 0 0 0 0 0 0 0 0 0 0 0 0 0 0 0 0 0 0 0 0 0 0 0 0 0 0 0 
15 17 20 24 28 31 35 39 42 45 48 53 55 0 0 0 0 0 0 0 0 0 0 0 0 0 0 0 0 0 0 0 0 0 0 0 0 0 0 
16 18 21 25 29 33 36 40 44 47 50 53 56 60 0 0 0 0 0 0 0 0 0 0 0 0 0 0 0 0 0 0 0 0 0 0 0 0 0 
17 19 22 26 31 34 38 41 45 49 52 56 59 62 65 0 0 0 0 0 0 0 0 0 0 0 0 0 0 0 0 0 0 0 0 0 0 0 0 
18 20 23 27 32 36 39 43 47 50 54 58 63 63 67 70 0 0 0 0 0 0 0 0 0 0 0 0 0 0 0 0 0 0 0 0 0 0 0 
19 21 24 28 33 37 41 45 48 52 56 60 64 67 70 73 76 0 0 0 0 0 0 0 0 0 0 0 0 0 0 0 0 0 0 0 0 0 0 
20 22 25 29 34 39 42 46 51 54 58 63 65 69 72 75 79 81 0 0 0 0 0 0 0 0 0 0 0 0 0 0 0 0 0 0 0 0 0 
21 23 26 30 35 40 44 48 52 56 61 64 67 71 74 78 81 85 88 0 0 0 0 0 0 0 0 0 0 0 0 0 0 0 0 0 0 0 0 
22 24 27 31 36 41 45 49 53 57 62 66 69 74 77 80 84 87 91 94 0 0 0 0 0 0 0 0 0 0 0 0 0 0 0 0 0 0 0 
23 25 28 32 37 42 47 51 55 60 63 68 72 76 79 82 86 90 93 97 100 0 0 0 0 0 0 0 0 0 0 0 0 0 0 0 0 0 0 
24 26 29 33 38 43 48 52 57 61 65 69 73 77 81 85 89 91 96 99 103 105 0 0 0 0 0 0 0 0 0 0 0 0 0 0 0 0 0 
25 27 30 34 39 44 50 54 58 62 67 71 75 79 83 87 91 94 98 102 107 109 111 0 0 0 0 0 0 0 0 0 0 0 0 0 0 0 0 
26 28 31 35 40 46 51 55 60 64 69 73 77 82 85 90 93 97 100 104 108 112 117 118 0 0 0 0 0 0 0 0 0 0 0 0 0 0 0 
27 29 32 36 41 47 52 57 61 66 70 75 79 83 88 92 95 100 103 108 111 115 118 121 124 0 0 0 0 0 0 0 0 0 0 0 0 0 0 
28 30 33 37 42 48 53 58 63 67 72 76 81 85 90 94 98 103 106 110 113 117 120 124 129 131 0 0 0 0 0 0 0 0 0 0 0 0 0 
29 31 34 38 43 49 54 59 63 69 74 78 83 88 92 96 100 104 108 112 116 120 123 127 130 134 138 0 0 0 0 0 0 0 0 0 0 0 0 
30 32 35 39 44 50 56 61 66 70 75 80 84 89 94 98 102 106 111 115 118 122 127 132 134 138 141 144 0 0 0 0 0 0 0 0 0 0 0 
31 33 36 40 45 51 57 62 67 72 77 82 87 91 95 100 104 109 113 117 121 125 129 134 137 141 144 149 152 0 0 0 0 0 0 0 0 0 0 
32 34 37 41 46 52 58 63 68 73 79 84 88 93 99 102 107 111 115 120 123 127 131 135 139 143 147 150 154 158 0 0 0 0 0 0 0 0 0 
33 35 38 42 47 53 60 65 70 75 80 85 90 95 100 104 109 113 118 122 127 132 135 138 143 146 151 154 158 162 164 0 0 0 0 0 0 0 0 
34 36 39 43 48 54 60 65 71 76 82 86 91 97 101 106 111 116 120 125 128 134 139 142 146 150 153 157 161 165 170 171 0 0 0 0 0 0 0 
35 37 40 44 49 55 61 67 73 78 84 89 94 99 103 108 113 117 123 127 132 136 140 146 150 153 156 161 165 169 172 176 179 0 0 0 0 0 0 
36 38 41 45 50 56 62 68 74 79 85 90 95 100 106 110 115 121 125 130 133 138 142 146 150 156 159 163 167 172 174 178 183 186 0 0 0 0 0 
37 39 42 46 51 57 64 70 75 81 86 92 98 103 108 113 118 123 128 132 136 141 144 149 154 158 162 166 170 174 178 182 185 189 193 0 0 0 0 
38 40 43 47 52 58 65 71 77 82 88 93 99 105 109 114 119 124 130 133 138 142 147 153 156 161 167 170 173 178 181 185 190 193 198 201 0 0 0 
39 41 44 48 53 59 66 72 78 84 89 95 100 105 111 117 121 126 132 136 141 146 150 154 159 163 169 173 176 180 184 191 194 197 200 204 207 0 0 
40 42 45 49 54 60 67 73 79 85 91 97 102 107 113 118 124 129 134 138 143 149 152 159 162 167 170 175 180 184 188 191 195 199 204 208 212 215 0 
41 43 46 50 55 61 68 74 80 86 92 99 104 109 115 120 125 130 135 141 146 150 156 160 164 168 174 179 182 187 192 195 199 204 207 211 215 218 223 
