3 0 0 0 0 0 0 0 0 0 0 0 0 0 0 0 0 0 0 0 0 0 0 0 0 0 0 0 0 0 0 0 0 0 0 0 0 0 0 
4 6 0 0 0 0 0 0 0 0 0 0 0 0 0 0 0 0 0 0 0 0 0 0 0 0 0 0 0 0 0 0 0 0 0 0 0 0 0 
5 7 9 0 0 0 0 0 0 0 0 0 0 0 0 0 0 0 0 0 0 0 0 0 0 0 0 0 0 0 0 0 0 0 0 0 0 0 0 
6 8 10 12 0 0 0 0 0 0 0 0 0 0 0 0 0 0 0 0 0 0 0 0 0 0 0 0 0 0 0 0 0 0 0 0 0 0 0 
7 9 12 14 16 0 0 0 0 0 0 0 0 0 0 0 0 0 0 0 0 0 0 0 0 0 0 0 0 0 0 0 0 0 0 0 0 0 0 
8 10 13 15 18 21 0 0 0 0 0 0 0 0 0 0 0 0 0 0 0 0 0 0 0 0 0 0 0 0 0 0 0 0 0 0 0 0 0 
9 11 14 17 19 22 24 0 0 0 0 0 0 0 0 0 0 0 0 0 0 0 0 0 0 0 0 0 0 0 0 0 0 0 0 0 0 0 0 
10 12 15 18 21 24 26 29 0 0 0 0 0 0 0 0 0 0 0 0 0 0 0 0 0 0 0 0 0 0 0 0 0 0 0 0 0 0 0 
11 13 16 20 22 25 28 31 34 0 0 0 0 0 0 0 0 0 0 0 0 0 0 0 0 0 0 0 0 0 0 0 0 0 0 0 0 0 0 
12 14 17 21 24 27 30 33 36 39 0 0 0 0 0 0 0 0 0 0 0 0 0 0 0 0 0 0 0 0 0 0 0 0 0 0 0 0 0 
13 15 18 22 25 28 32 35 39 42 45 0 0 0 0 0 0 0 0 0 0 0 0 0 0 0 0 0 0 0 0 0 0 0 0 0 0 0 0 
14 16 19 23 27 30 33 37 40 44 46 49 0 0 0 0 0 0 0 0 0 0 0 0 0 0 0 0 0 0 0 0 0 0 0 0 0 0 0 
15 17 20 24 28 31 35 39 42 45 48 51 54 0 0 0 0 0 0 0 0 0 0 0 0 0 0 0 0 0 0 0 0 0 0 0 0 0 0 
16 18 21 25 29 33 36 40 44 47 51 54 57 60 0 0 0 0 0 0 0 0 0 0 0 0 0 0 0 0 0 0 0 0 0 0 0 0 0 
17 19 22 26 31 34 38 42 45 48 52 56 58 62 65 0 0 0 0 0 0 0 0 0 0 0 0 0 0 0 0 0 0 0 0 0 0 0 0 
18 20 23 27 32 36 39 43 47 50 55 57 61 64 68 70 0 0 0 0 0 0 0 0 0 0 0 0 0 0 0 0 0 0 0 0 0 0 0 
19 21 24 28 33 37 41 44 48 52 56 60 63 66 70 72 76 0 0 0 0 0 0 0 0 0 0 0 0 0 0 0 0 0 0 0 0 0 0 
20 22 25 29 34 38 42 46 50 54 58 61 65 69 72 75 79 82 0 0 0 0 0 0 0 0 0 0 0 0 0 0 0 0 0 0 0 0 0 
21 23 26 30 35 40 44 48 51 56 60 63 67 71 74 78 82 86 87 0 0 0 0 0 0 0 0 0 0 0 0 0 0 0 0 0 0 0 0 
22 24 27 31 36 42 45 49 53 57 61 66 69 72 76 81 83 88 91 94 0 0 0 0 0 0 0 0 0 0 0 0 0 0 0 0 0 0 0 
23 25 28 32 37 42 46 51 55 59 63 67 72 75 79 82 87 89 93 96 98 0 0 0 0 0 0 0 0 0 0 0 0 0 0 0 0 0 0 
24 26 29 33 38 43 47 52 57 61 65 69 74 78 81 85 88 93 95 99 103 105 0 0 0 0 0 0 0 0 0 0 0 0 0 0 0 0 0 
25 27 30 34 39 45 49 54 58 63 68 72 75 79 84 87 92 96 98 101 104 108 112 0 0 0 0 0 0 0 0 0 0 0 0 0 0 0 0 
26 28 31 35 40 46 51 55 60 64 69 73 77 81 85 90 93 97 100 105 109 113 115 119 0 0 0 0 0 0 0 0 0 0 0 0 0 0 0 
27 29 32 36 41 47 52 57 61 66 70 74 79 83 87 92 96 99 104 107 111 114 118 121 125 0 0 0 0 0 0 0 0 0 0 0 0 0 0 
28 30 33 37 42 48 53 58 62 67 72 76 81 86 90 94 98 102 106 110 113 117 120 125 127 132 0 0 0 0 0 0 0 0 0 0 0 0 0 
29 31 34 38 43 49 55 59 64 69 74 79 83 87 92 95 101 105 108 111 116 120 124 127 131 134 142 0 0 0 0 0 0 0 0 0 0 0 0 
30 32 35 39 44 50 55 60 66 70 75 80 84 89 94 98 103 107 111 114 120 122 128 130 134 137 143 144 0 0 0 0 0 0 0 0 0 0 0 
31 33 36 40 45 51 56 62 67 72 77 82 86 91 96 100 105 108 113 117 121 125 128 133 137 140 144 147 151 0 0 0 0 0 0 0 0 0 0 
32 34 37 41 46 52 58 63 68 73 79 84 88 92 98 102 106 111 115 120 124 128 133 138 140 143 149 150 154 159 0 0 0 0 0 0 0 0 0 
33 35 38 42 47 53 59 65 70 75 80 85 90 95 100 105 110 113 118 122 125 131 137 140 143 146 150 154 159 161 164 0 0 0 0 0 0 0 0 
34 36 39 43 48 54 60 66 71 76 82 87 91 96 101 106 111 115 120 126 129 132 137 142 147 150 154 158 161 165 169 171 0 0 0 0 0 0 0 
35 37 40 44 49 55 61 67 73 78 83 89 94 99 103 109 113 119 122 126 131 136 141 144 150 153 156 160 164 169 172 176 178 0 0 0 0 0 0 
36 38 41 45 50 56 62 68 73 79 84 89 95 101 106 110 115 122 125 130 134 138 142 147 152 155 159 162 167 172 175 178 182 188 0 0 0 0 0 
37 39 42 46 51 57 63 70 75 81 86 91 96 102 107 113 117 122 127 131 137 140 146 150 154 159 163 166 170 174 178 182 187 191 194 0 0 0 0 
38 40 43 47 52 58 65 70 76 82 88 93 99 104 110 115 119 123 130 134 138 145 148 152 157 161 165 169 173 179 182 186 189 194 198 200 0 0 0 
39 41 44 48 53 59 66 72 78 83 89 95 101 106 111 116 122 127 131 136 140 146 150 154 160 164 168 171 177 184 187 188 195 196 200 204 209 0 0 
40 42 45 49 54 60 67 73 79 85 90 96 102 108 112 118 123 127 132 139 143 148 152 158 161 168 171 175 179 184 188 192 196 199 206 208 212 218 0 
41 43 46 50 55 61 68 75 80 86 92 98 103 109 115 119 126 132 136 141 145 150 155 161 165 169 173 178 184 187 193 195 200 203 206 211 217 220 224 
