3 0 0 0 0 0 0 0 0 0 0 0 0 0 0 0 0 0 0 0 0 0 0 0 0 0 0 0 0 0 0 0 0 0 0 0 0 0 0 
4 6 0 0 0 0 0 0 0 0 0 0 0 0 0 0 0 0 0 0 0 0 0 0 0 0 0 0 0 0 0 0 0 0 0 0 0 0 0 
5 7 9 0 0 0 0 0 0 0 0 0 0 0 0 0 0 0 0 0 0 0 0 0 0 0 0 0 0 0 0 0 0 0 0 0 0 0 0 
6 8 10 12 0 0 0 0 0 0 0 0 0 0 0 0 0 0 0 0 0 0 0 0 0 0 0 0 0 0 0 0 0 0 0 0 0 0 0 
7 9 12 14 16 0 0 0 0 0 0 0 0 0 0 0 0 0 0 0 0 0 0 0 0 0 0 0 0 0 0 0 0 0 0 0 0 0 0 
8 10 13 15 18 21 0 0 0 0 0 0 0 0 0 0 0 0 0 0 0 0 0 0 0 0 0 0 0 0 0 0 0 0 0 0 0 0 0 
9 11 14 17 19 22 24 0 0 0 0 0 0 0 0 0 0 0 0 0 0 0 0 0 0 0 0 0 0 0 0 0 0 0 0 0 0 0 0 
10 12 15 18 21 24 26 29 0 0 0 0 0 0 0 0 0 0 0 0 0 0 0 0 0 0 0 0 0 0 0 0 0 0 0 0 0 0 0 
11 13 16 20 22 25 28 31 34 0 0 0 0 0 0 0 0 0 0 0 0 0 0 0 0 0 0 0 0 0 0 0 0 0 0 0 0 0 0 
12 14 17 21 24 27 30 33 36 39 0 0 0 0 0 0 0 0 0 0 0 0 0 0 0 0 0 0 0 0 0 0 0 0 0 0 0 0 0 
13 15 18 22 25 28 32 36 39 42 45 0 0 0 0 0 0 0 0 0 0 0 0 0 0 0 0 0 0 0 0 0 0 0 0 0 0 0 0 
14 16 19 23 27 30 33 37 40 44 48 49 0 0 0 0 0 0 0 0 0 0 0 0 0 0 0 0 0 0 0 0 0 0 0 0 0 0 0 
15 17 20 24 28 31 35 39 42 45 49 52 55 0 0 0 0 0 0 0 0 0 0 0 0 0 0 0 0 0 0 0 0 0 0 0 0 0 0 
16 18 21 25 30 33 36 40 44 47 50 54 57 60 0 0 0 0 0 0 0 0 0 0 0 0 0 0 0 0 0 0 0 0 0 0 0 0 0 
17 19 22 26 31 34 38 42 45 49 52 56 59 63 65 0 0 0 0 0 0 0 0 0 0 0 0 0 0 0 0 0 0 0 0 0 0 0 0 
18 20 23 27 32 36 39 43 47 51 54 58 61 65 69 71 0 0 0 0 0 0 0 0 0 0 0 0 0 0 0 0 0 0 0 0 0 0 0 
19 21 24 28 33 37 41 45 49 53 57 60 63 66 70 74 77 0 0 0 0 0 0 0 0 0 0 0 0 0 0 0 0 0 0 0 0 0 0 
20 22 25 29 34 39 42 46 51 55 58 62 66 69 73 76 82 82 0 0 0 0 0 0 0 0 0 0 0 0 0 0 0 0 0 0 0 0 0 
21 23 26 30 35 40 44 48 52 57 61 64 68 71 75 78 81 85 88 0 0 0 0 0 0 0 0 0 0 0 0 0 0 0 0 0 0 0 0 
22 24 27 31 36 42 45 49 54 58 62 67 69 73 77 81 84 89 90 94 0 0 0 0 0 0 0 0 0 0 0 0 0 0 0 0 0 0 0 
23 25 28 32 37 43 47 51 55 60 65 68 72 76 79 83 87 90 94 97 100 0 0 0 0 0 0 0 0 0 0 0 0 0 0 0 0 0 0 
24 26 29 33 38 44 48 52 57 62 66 70 73 78 82 85 88 93 95 99 102 106 0 0 0 0 0 0 0 0 0 0 0 0 0 0 0 0 0 
25 27 30 34 39 45 50 54 58 63 67 72 76 80 83 87 92 95 98 102 106 109 112 0 0 0 0 0 0 0 0 0 0 0 0 0 0 0 0 
26 28 31 35 40 46 51 55 60 65 70 74 77 82 86 90 94 97 101 105 109 112 115 118 0 0 0 0 0 0 0 0 0 0 0 0 0 0 0 
27 29 32 36 41 47 53 57 61 66 71 75 80 84 88 92 96 100 103 107 111 115 118 122 125 0 0 0 0 0 0 0 0 0 0 0 0 0 0 
28 30 33 37 42 48 54 58 63 68 73 77 82 85 90 94 99 102 106 110 113 117 121 124 128 133 0 0 0 0 0 0 0 0 0 0 0 0 0 
29 31 34 38 43 49 56 60 64 69 74 79 83 88 92 97 100 105 109 113 116 120 124 128 132 135 139 0 0 0 0 0 0 0 0 0 0 0 0 
30 32 35 39 44 50 57 61 66 71 76 81 86 89 94 98 103 107 112 115 119 123 127 131 134 138 141 146 0 0 0 0 0 0 0 0 0 0 0 
31 33 36 40 45 51 58 63 67 72 78 83 87 92 96 101 105 109 114 117 121 126 129 133 137 141 145 148 153 0 0 0 0 0 0 0 0 0 0 
32 34 37 41 46 52 59 64 69 74 79 84 89 94 98 104 107 112 116 120 125 128 133 137 140 143 146 152 155 158 0 0 0 0 0 0 0 0 0 
33 35 38 42 47 53 60 66 70 75 81 86 91 96 101 105 110 113 119 123 127 130 135 139 143 147 150 155 158 162 166 0 0 0 0 0 0 0 0 
34 36 39 43 48 54 61 67 72 77 82 88 93 98 102 107 112 116 120 125 129 134 138 143 146 149 154 158 161 165 169 172 0 0 0 0 0 0 0 
35 37 40 44 49 55 62 69 73 78 84 89 94 100 105 108 114 119 123 128 132 136 140 144 150 152 157 160 164 168 172 176 179 0 0 0 0 0 0 
36 38 41 45 50 56 63 70 75 80 85 91 96 101 106 111 116 121 125 130 134 139 143 148 153 156 160 163 168 171 176 179 184 187 0 0 0 0 0 
37 39 42 46 51 57 64 71 76 81 87 93 98 103 109 113 117 123 128 133 138 141 146 150 154 158 162 167 170 175 178 182 186 190 193 0 0 0 0 
38 40 43 47 52 58 65 73 78 83 88 94 99 105 110 115 120 125 131 134 139 144 148 153 158 161 165 170 173 178 183 186 190 193 197 201 0 0 0 
39 41 44 48 53 59 66 74 79 84 90 96 101 107 112 117 123 127 133 137 141 147 150 155 160 164 169 174 177 181 186 190 194 197 201 206 208 0 0 
40 42 45 49 54 60 67 75 81 86 91 97 103 108 114 118 124 129 134 138 143 150 153 158 163 166 171 175 180 185 189 192 197 202 204 207 211 216 0 
41 43 46 50 55 61 68 76 82 87 93 98 105 110 116 123 127 131 137 141 147 151 156 161 166 170 175 179 183 187 191 195 201 204 208 212 216 220 223 
