3 0 0 0 0 0 0 0 0 0 0 0 0 0 0 0 0 0 0 0 0 0 0 0 0 0 0 0 0 0 0 0 0 0 0 0 0 0 0 
4 6 0 0 0 0 0 0 0 0 0 0 0 0 0 0 0 0 0 0 0 0 0 0 0 0 0 0 0 0 0 0 0 0 0 0 0 0 0 
5 7 9 0 0 0 0 0 0 0 0 0 0 0 0 0 0 0 0 0 0 0 0 0 0 0 0 0 0 0 0 0 0 0 0 0 0 0 0 
6 8 10 12 0 0 0 0 0 0 0 0 0 0 0 0 0 0 0 0 0 0 0 0 0 0 0 0 0 0 0 0 0 0 0 0 0 0 0 
7 9 12 14 16 0 0 0 0 0 0 0 0 0 0 0 0 0 0 0 0 0 0 0 0 0 0 0 0 0 0 0 0 0 0 0 0 0 0 
8 10 13 15 18 21 0 0 0 0 0 0 0 0 0 0 0 0 0 0 0 0 0 0 0 0 0 0 0 0 0 0 0 0 0 0 0 0 0 
9 11 14 17 19 22 24 0 0 0 0 0 0 0 0 0 0 0 0 0 0 0 0 0 0 0 0 0 0 0 0 0 0 0 0 0 0 0 0 
10 12 15 18 21 24 26 29 0 0 0 0 0 0 0 0 0 0 0 0 0 0 0 0 0 0 0 0 0 0 0 0 0 0 0 0 0 0 0 
11 13 16 20 22 25 28 31 34 0 0 0 0 0 0 0 0 0 0 0 0 0 0 0 0 0 0 0 0 0 0 0 0 0 0 0 0 0 0 
12 14 17 21 24 27 30 33 36 39 0 0 0 0 0 0 0 0 0 0 0 0 0 0 0 0 0 0 0 0 0 0 0 0 0 0 0 0 0 
13 15 18 22 25 28 32 35 39 42 43 0 0 0 0 0 0 0 0 0 0 0 0 0 0 0 0 0 0 0 0 0 0 0 0 0 0 0 0 
14 16 19 23 27 30 33 37 40 44 46 48 0 0 0 0 0 0 0 0 0 0 0 0 0 0 0 0 0 0 0 0 0 0 0 0 0 0 0 
15 17 20 24 28 31 35 39 42 45 48 51 54 0 0 0 0 0 0 0 0 0 0 0 0 0 0 0 0 0 0 0 0 0 0 0 0 0 0 
16 18 21 25 30 33 36 40 44 47 51 53 56 59 0 0 0 0 0 0 0 0 0 0 0 0 0 0 0 0 0 0 0 0 0 0 0 0 0 
17 19 22 26 31 34 38 42 45 49 53 56 58 63 64 0 0 0 0 0 0 0 0 0 0 0 0 0 0 0 0 0 0 0 0 0 0 0 0 
18 20 23 27 32 36 39 43 47 51 54 58 61 64 68 70 0 0 0 0 0 0 0 0 0 0 0 0 0 0 0 0 0 0 0 0 0 0 0 
19 21 24 28 33 37 41 45 49 52 56 61 63 67 70 72 75 0 0 0 0 0 0 0 0 0 0 0 0 0 0 0 0 0 0 0 0 0 0 
20 22 25 29 34 39 42 46 50 54 58 62 65 69 72 76 78 81 0 0 0 0 0 0 0 0 0 0 0 0 0 0 0 0 0 0 0 0 0 
21 23 26 30 35 40 44 48 52 56 60 63 67 71 74 77 80 84 87 0 0 0 0 0 0 0 0 0 0 0 0 0 0 0 0 0 0 0 0 
22 24 27 31 36 41 45 49 54 58 62 65 69 73 76 81 83 87 89 93 0 0 0 0 0 0 0 0 0 0 0 0 0 0 0 0 0 0 0 
23 25 28 32 37 43 47 51 55 59 64 68 72 75 79 82 86 88 92 95 99 0 0 0 0 0 0 0 0 0 0 0 0 0 0 0 0 0 0 
24 26 29 33 38 44 48 52 57 61 65 69 73 77 80 85 88 92 95 98 102 104 0 0 0 0 0 0 0 0 0 0 0 0 0 0 0 0 0 
25 27 30 34 39 45 50 54 58 63 67 71 76 80 84 87 91 94 98 102 104 108 111 0 0 0 0 0 0 0 0 0 0 0 0 0 0 0 0 
26 28 31 35 40 46 51 55 60 64 69 73 77 81 85 89 94 96 101 103 107 111 114 117 0 0 0 0 0 0 0 0 0 0 0 0 0 0 0 
27 29 32 36 41 47 52 57 61 66 71 75 79 83 87 92 95 99 103 106 110 115 117 120 124 0 0 0 0 0 0 0 0 0 0 0 0 0 0 
28 30 33 37 42 48 54 58 63 68 72 77 81 85 89 94 98 101 105 109 113 116 120 124 128 129 0 0 0 0 0 0 0 0 0 0 0 0 0 
29 31 34 38 43 49 55 60 64 69 74 80 83 88 92 95 101 104 108 112 116 119 123 126 130 134 137 0 0 0 0 0 0 0 0 0 0 0 0 
30 32 35 39 44 50 56 61 66 71 76 81 85 89 94 98 102 107 111 115 118 122 126 129 132 137 140 143 0 0 0 0 0 0 0 0 0 0 0 
31 33 36 40 45 51 57 63 67 72 77 82 87 91 96 100 104 109 112 117 120 126 128 132 135 139 143 146 149 0 0 0 0 0 0 0 0 0 0 
32 34 37 41 46 52 59 64 69 74 79 84 89 94 98 102 107 111 116 119 123 127 131 134 139 142 146 150 152 158 0 0 0 0 0 0 0 0 0 
33 35 38 42 47 53 60 66 70 75 80 85 90 95 99 104 108 114 118 122 125 130 134 138 141 146 149 154 156 159 163 0 0 0 0 0 0 0 0 
34 36 39 43 48 54 61 67 72 77 82 87 92 97 102 106 111 116 120 125 128 132 137 141 145 149 152 156 160 163 167 171 0 0 0 0 0 0 0 
35 37 40 44 49 55 62 68 73 78 83 88 94 99 104 110 113 118 124 127 131 136 141 143 147 151 155 160 163 166 170 175 177 0 0 0 0 0 0 
36 38 41 45 50 56 63 69 74 80 85 91 95 100 105 110 116 121 125 129 133 140 142 146 150 155 158 163 166 170 174 178 181 185 0 0 0 0 0 
37 39 42 46 51 57 64 70 76 81 87 92 97 102 107 112 117 122 128 131 136 140 145 149 153 157 163 165 169 173 177 180 184 188 192 0 0 0 0 
38 40 43 47 52 58 65 72 77 83 88 94 99 104 110 117 119 125 129 134 139 143 147 152 156 160 163 168 173 178 179 184 187 192 195 199 0 0 0 
39 41 44 48 53 59 66 73 79 84 90 95 101 106 111 116 123 126 131 136 141 146 149 155 158 163 167 171 175 180 184 187 190 195 199 202 207 0 0 
40 42 45 49 54 60 67 74 80 85 91 97 102 108 114 118 124 129 134 138 143 148 153 158 161 166 170 174 178 182 189 190 195 198 202 206 210 213 0 
41 43 46 50 55 61 68 75 81 87 93 98 104 109 115 121 126 130 135 141 145 150 156 160 165 169 174 179 181 185 189 194 199 201 207 209 213 219 222 
