3 0 0 0 0 0 0 0 0 0 0 0 0 0 0 0 0 0 0 0 0 0 0 0 0 0 0 0 0 0 0 0 0 0 0 0 0 0 0 
4 6 0 0 0 0 0 0 0 0 0 0 0 0 0 0 0 0 0 0 0 0 0 0 0 0 0 0 0 0 0 0 0 0 0 0 0 0 0 
5 7 9 0 0 0 0 0 0 0 0 0 0 0 0 0 0 0 0 0 0 0 0 0 0 0 0 0 0 0 0 0 0 0 0 0 0 0 0 
6 8 10 12 0 0 0 0 0 0 0 0 0 0 0 0 0 0 0 0 0 0 0 0 0 0 0 0 0 0 0 0 0 0 0 0 0 0 0 
7 9 11 13 14 0 0 0 0 0 0 0 0 0 0 0 0 0 0 0 0 0 0 0 0 0 0 0 0 0 0 0 0 0 0 0 0 0 0 
8 10 12 14 16 17 0 0 0 0 0 0 0 0 0 0 0 0 0 0 0 0 0 0 0 0 0 0 0 0 0 0 0 0 0 0 0 0 0 
9 11 13 16 16 17 19 0 0 0 0 0 0 0 0 0 0 0 0 0 0 0 0 0 0 0 0 0 0 0 0 0 0 0 0 0 0 0 0 
10 12 15 16 17 19 20 21 0 0 0 0 0 0 0 0 0 0 0 0 0 0 0 0 0 0 0 0 0 0 0 0 0 0 0 0 0 0 0 
11 13 14 17 18 19 22 22 24 0 0 0 0 0 0 0 0 0 0 0 0 0 0 0 0 0 0 0 0 0 0 0 0 0 0 0 0 0 0 
12 14 16 17 19 20 22 25 26 26 0 0 0 0 0 0 0 0 0 0 0 0 0 0 0 0 0 0 0 0 0 0 0 0 0 0 0 0 0 
13 15 17 18 20 22 23 24 27 27 28 0 0 0 0 0 0 0 0 0 0 0 0 0 0 0 0 0 0 0 0 0 0 0 0 0 0 0 0 
14 15 17 19 20 22 26 25 27 28 29 31 0 0 0 0 0 0 0 0 0 0 0 0 0 0 0 0 0 0 0 0 0 0 0 0 0 0 0 
15 17 17 19 21 23 25 26 28 29 30 32 33 0 0 0 0 0 0 0 0 0 0 0 0 0 0 0 0 0 0 0 0 0 0 0 0 0 0 
16 17 18 21 22 23 26 28 29 29 32 33 34 35 0 0 0 0 0 0 0 0 0 0 0 0 0 0 0 0 0 0 0 0 0 0 0 0 0 
17 17 20 21 22 25 26 28 29 32 33 34 36 36 38 0 0 0 0 0 0 0 0 0 0 0 0 0 0 0 0 0 0 0 0 0 0 0 0 
18 17 19 21 24 25 28 28 31 31 33 35 35 40 38 40 0 0 0 0 0 0 0 0 0 0 0 0 0 0 0 0 0 0 0 0 0 0 0 
19 19 21 22 24 26 27 29 30 33 35 38 35 38 39 41 42 0 0 0 0 0 0 0 0 0 0 0 0 0 0 0 0 0 0 0 0 0 0 
20 18 21 23 24 27 27 29 31 33 34 36 38 40 43 44 46 47 0 0 0 0 0 0 0 0 0 0 0 0 0 0 0 0 0 0 0 0 0 
21 19 21 24 25 26 31 30 33 34 35 37 39 40 42 42 43 46 49 0 0 0 0 0 0 0 0 0 0 0 0 0 0 0 0 0 0 0 0 
22 20 22 24 27 27 30 31 34 36 37 39 41 41 42 45 44 47 50 54 0 0 0 0 0 0 0 0 0 0 0 0 0 0 0 0 0 0 0 
23 22 22 24 27 28 30 32 34 36 37 38 42 42 43 46 45 47 50 49 53 0 0 0 0 0 0 0 0 0 0 0 0 0 0 0 0 0 0 
24 20 23 24 28 28 31 33 34 37 39 39 42 44 43 46 46 52 53 52 52 55 0 0 0 0 0 0 0 0 0 0 0 0 0 0 0 0 0 
25 23 23 25 27 32 33 34 34 37 38 41 43 43 45 46 47 51 51 52 54 55 56 0 0 0 0 0 0 0 0 0 0 0 0 0 0 0 0 
26 22 26 26 27 29 34 35 37 37 39 41 43 44 47 49 49 50 53 52 53 56 58 61 0 0 0 0 0 0 0 0 0 0 0 0 0 0 0 
27 22 22 26 30 30 32 34 36 39 42 42 47 45 46 47 50 51 53 54 58 56 59 59 61 0 0 0 0 0 0 0 0 0 0 0 0 0 0 
28 23 25 27 29 33 32 37 37 39 41 47 45 47 47 51 49 54 54 55 58 57 60 62 64 65 0 0 0 0 0 0 0 0 0 0 0 0 0 
29 22 24 26 29 31 35 36 39 39 40 42 44 47 51 51 53 53 55 56 56 58 60 63 65 64 66 0 0 0 0 0 0 0 0 0 0 0 0 
30 23 25 29 30 32 35 39 39 41 43 43 46 48 49 49 52 53 55 59 60 62 60 65 65 64 68 70 0 0 0 0 0 0 0 0 0 0 0 
31 23 26 28 30 34 35 36 39 41 44 46 46 51 49 49 54 56 55 57 62 65 61 66 65 67 71 72 73 0 0 0 0 0 0 0 0 0 0 
32 23 26 27 32 34 35 38 39 42 47 45 46 50 49 53 53 57 57 59 59 63 64 64 67 69 70 73 71 75 0 0 0 0 0 0 0 0 0 
33 24 27 29 34 33 35 37 42 43 44 46 49 50 51 52 55 57 57 62 66 62 63 67 68 67 70 70 73 73 75 0 0 0 0 0 0 0 0 
34 24 25 32 32 36 36 39 40 44 45 49 48 50 53 53 56 57 60 61 63 65 66 66 72 71 70 75 72 75 79 78 0 0 0 0 0 0 0 
35 26 27 31 34 35 37 39 40 44 46 48 52 50 54 54 59 57 60 64 62 66 66 75 68 71 74 76 78 76 78 79 82 0 0 0 0 0 0 
36 26 27 30 33 34 40 40 41 46 46 49 49 50 55 57 55 58 63 62 62 67 69 68 72 70 76 74 76 75 78 80 81 85 0 0 0 0 0 
37 26 28 30 33 36 40 40 41 44 48 48 50 53 53 55 57 63 61 63 66 67 70 71 74 75 74 74 77 78 80 82 81 85 86 0 0 0 0 
38 25 28 31 34 35 38 42 45 45 48 52 50 52 56 56 58 61 63 67 64 66 68 71 74 74 77 76 80 78 81 84 85 83 86 88 0 0 0 
39 26 30 31 34 36 40 41 43 44 49 48 54 56 55 58 58 60 63 67 65 66 69 76 76 76 79 78 79 81 82 85 86 87 87 88 89 0 0 
40 26 28 32 33 38 38 42 44 46 48 49 54 54 56 57 59 64 63 65 67 68 69 74 76 74 75 79 81 81 81 86 88 91 90 91 95 94 0 
41 27 28 34 35 36 39 42 45 48 48 51 58 55 57 59 60 64 64 65 70 69 73 73 74 75 78 79 84 85 84 85 87 89 93 93 95 95 96 
