3 0 0 0 0 0 0 0 0 0 0 0 0 0 0 0 0 0 0 0 0 0 0 0 0 0 0 0 0 0 0 0 0 0 0 0 0 0 0 
4 6 0 0 0 0 0 0 0 0 0 0 0 0 0 0 0 0 0 0 0 0 0 0 0 0 0 0 0 0 0 0 0 0 0 0 0 0 0 
5 7 9 0 0 0 0 0 0 0 0 0 0 0 0 0 0 0 0 0 0 0 0 0 0 0 0 0 0 0 0 0 0 0 0 0 0 0 0 
6 8 10 12 0 0 0 0 0 0 0 0 0 0 0 0 0 0 0 0 0 0 0 0 0 0 0 0 0 0 0 0 0 0 0 0 0 0 0 
7 9 12 13 15 0 0 0 0 0 0 0 0 0 0 0 0 0 0 0 0 0 0 0 0 0 0 0 0 0 0 0 0 0 0 0 0 0 0 
8 10 13 14 16 18 0 0 0 0 0 0 0 0 0 0 0 0 0 0 0 0 0 0 0 0 0 0 0 0 0 0 0 0 0 0 0 0 0 
9 11 14 15 17 18 20 0 0 0 0 0 0 0 0 0 0 0 0 0 0 0 0 0 0 0 0 0 0 0 0 0 0 0 0 0 0 0 0 
10 12 15 16 18 20 21 23 0 0 0 0 0 0 0 0 0 0 0 0 0 0 0 0 0 0 0 0 0 0 0 0 0 0 0 0 0 0 0 
11 13 16 18 19 21 23 26 26 0 0 0 0 0 0 0 0 0 0 0 0 0 0 0 0 0 0 0 0 0 0 0 0 0 0 0 0 0 0 
12 14 17 19 21 22 23 26 27 30 0 0 0 0 0 0 0 0 0 0 0 0 0 0 0 0 0 0 0 0 0 0 0 0 0 0 0 0 0 
13 15 17 21 22 24 25 28 29 30 33 0 0 0 0 0 0 0 0 0 0 0 0 0 0 0 0 0 0 0 0 0 0 0 0 0 0 0 0 
14 16 18 21 23 25 27 28 30 32 34 36 0 0 0 0 0 0 0 0 0 0 0 0 0 0 0 0 0 0 0 0 0 0 0 0 0 0 0 
15 17 20 22 24 26 29 31 31 34 37 37 38 0 0 0 0 0 0 0 0 0 0 0 0 0 0 0 0 0 0 0 0 0 0 0 0 0 0 
16 18 21 22 25 27 29 31 32 35 35 39 39 40 0 0 0 0 0 0 0 0 0 0 0 0 0 0 0 0 0 0 0 0 0 0 0 0 0 
17 18 21 24 25 28 31 32 33 36 37 38 40 42 44 0 0 0 0 0 0 0 0 0 0 0 0 0 0 0 0 0 0 0 0 0 0 0 0 
17 19 22 24 26 31 31 33 35 37 38 41 42 45 45 48 0 0 0 0 0 0 0 0 0 0 0 0 0 0 0 0 0 0 0 0 0 0 0 
19 19 22 24 27 30 33 33 36 38 41 42 43 48 47 49 50 0 0 0 0 0 0 0 0 0 0 0 0 0 0 0 0 0 0 0 0 0 0 
19 21 25 25 28 30 33 35 36 39 40 42 46 46 49 50 51 54 0 0 0 0 0 0 0 0 0 0 0 0 0 0 0 0 0 0 0 0 0 
21 22 24 27 31 32 34 38 38 39 43 46 46 48 52 51 51 56 58 0 0 0 0 0 0 0 0 0 0 0 0 0 0 0 0 0 0 0 0 
21 23 24 28 30 33 36 38 39 41 44 45 48 48 52 53 54 58 58 63 0 0 0 0 0 0 0 0 0 0 0 0 0 0 0 0 0 0 0 
22 22 25 28 31 33 37 40 42 42 46 47 49 51 52 55 56 57 59 63 63 0 0 0 0 0 0 0 0 0 0 0 0 0 0 0 0 0 0 
24 25 26 28 31 34 38 39 44 43 46 48 49 52 55 56 57 61 59 63 67 66 0 0 0 0 0 0 0 0 0 0 0 0 0 0 0 0 0 
24 24 27 28 32 36 37 40 43 44 47 48 52 54 55 57 58 62 62 64 67 67 69 0 0 0 0 0 0 0 0 0 0 0 0 0 0 0 0 
24 25 28 29 33 37 38 41 43 46 49 50 54 55 59 58 62 62 64 68 66 70 69 72 0 0 0 0 0 0 0 0 0 0 0 0 0 0 0 
24 26 28 31 34 38 41 42 44 45 50 50 54 56 59 58 64 62 65 66 69 74 73 74 78 0 0 0 0 0 0 0 0 0 0 0 0 0 0 
25 27 29 32 34 36 40 43 47 47 53 52 54 57 58 61 62 65 67 69 72 72 72 74 74 79 0 0 0 0 0 0 0 0 0 0 0 0 0 
27 28 32 32 35 38 42 43 46 48 52 53 55 64 61 61 67 67 67 70 73 75 74 75 80 79 81 0 0 0 0 0 0 0 0 0 0 0 0 
28 28 30 33 36 39 43 45 48 52 51 54 61 60 60 64 67 67 72 73 73 76 75 80 81 84 84 82 0 0 0 0 0 0 0 0 0 0 0 
28 29 31 34 36 41 44 45 48 51 52 54 59 60 62 65 71 68 71 71 78 79 79 81 81 82 85 89 88 0 0 0 0 0 0 0 0 0 0 
29 30 32 35 37 43 42 49 49 53 53 55 59 61 62 67 69 70 73 74 76 78 78 81 85 82 86 88 91 89 0 0 0 0 0 0 0 0 0 
30 31 32 36 39 41 44 46 51 52 54 59 61 61 63 67 71 73 74 76 78 80 84 87 84 87 84 89 91 91 98 0 0 0 0 0 0 0 0 
29 30 35 35 39 42 47 47 53 54 56 60 60 66 65 67 73 72 75 76 78 81 82 86 86 87 88 91 94 92 103 97 0 0 0 0 0 0 0 
31 32 33 36 40 43 46 50 53 54 57 61 63 65 67 71 75 72 77 77 82 82 82 86 86 89 91 92 93 93 98 96 99 0 0 0 0 0 0 
31 33 34 38 41 45 47 52 56 56 61 61 66 68 71 74 73 76 78 83 83 83 86 87 90 91 94 93 97 96 104 104 100 105 0 0 0 0 0 
33 32 35 38 40 45 48 51 52 55 59 65 65 67 70 71 74 81 80 82 81 86 86 92 91 92 98 95 96 100 100 101 103 101 103 0 0 0 0 
34 33 36 39 42 44 49 53 54 59 62 62 65 67 71 73 75 79 78 81 82 86 91 92 93 92 95 97 102 100 102 104 103 104 107 106 0 0 0 
34 34 38 39 43 47 50 53 56 57 62 67 68 68 71 73 77 78 80 83 85 87 93 90 95 95 97 99 98 107 102 110 109 121 107 112 108 0 0 
34 36 37 40 44 48 49 54 55 60 63 65 68 70 73 75 79 79 81 85 88 89 90 93 96 100 101 101 102 103 105 106 107 108 109 109 113 116 0 
34 36 38 41 45 46 50 58 59 62 64 67 70 71 74 75 79 83 86 86 90 92 91 96 101 98 99 101 104 104 104 109 108 112 113 110 112 115 119 
