3 0 0 0 0 0 0 0 0 0 0 0 0 0 0 0 0 0 0 0 0 0 0 0 0 0 0 0 0 0 0 0 0 0 0 0 0 0 0 
4 6 0 0 0 0 0 0 0 0 0 0 0 0 0 0 0 0 0 0 0 0 0 0 0 0 0 0 0 0 0 0 0 0 0 0 0 0 0 
5 7 9 0 0 0 0 0 0 0 0 0 0 0 0 0 0 0 0 0 0 0 0 0 0 0 0 0 0 0 0 0 0 0 0 0 0 0 0 
6 8 10 12 0 0 0 0 0 0 0 0 0 0 0 0 0 0 0 0 0 0 0 0 0 0 0 0 0 0 0 0 0 0 0 0 0 0 0 
7 9 11 13 15 0 0 0 0 0 0 0 0 0 0 0 0 0 0 0 0 0 0 0 0 0 0 0 0 0 0 0 0 0 0 0 0 0 0 
8 10 13 14 16 17 0 0 0 0 0 0 0 0 0 0 0 0 0 0 0 0 0 0 0 0 0 0 0 0 0 0 0 0 0 0 0 0 0 
9 11 14 16 18 19 21 0 0 0 0 0 0 0 0 0 0 0 0 0 0 0 0 0 0 0 0 0 0 0 0 0 0 0 0 0 0 0 0 
10 12 15 16 18 20 21 23 0 0 0 0 0 0 0 0 0 0 0 0 0 0 0 0 0 0 0 0 0 0 0 0 0 0 0 0 0 0 0 
11 13 16 17 20 21 23 25 26 0 0 0 0 0 0 0 0 0 0 0 0 0 0 0 0 0 0 0 0 0 0 0 0 0 0 0 0 0 0 
12 14 17 19 21 21 24 27 27 28 0 0 0 0 0 0 0 0 0 0 0 0 0 0 0 0 0 0 0 0 0 0 0 0 0 0 0 0 0 
13 15 17 20 21 23 25 28 29 31 32 0 0 0 0 0 0 0 0 0 0 0 0 0 0 0 0 0 0 0 0 0 0 0 0 0 0 0 0 
14 16 19 21 23 24 26 28 30 32 33 35 0 0 0 0 0 0 0 0 0 0 0 0 0 0 0 0 0 0 0 0 0 0 0 0 0 0 0 
15 17 19 22 23 26 27 31 32 34 36 35 38 0 0 0 0 0 0 0 0 0 0 0 0 0 0 0 0 0 0 0 0 0 0 0 0 0 0 
16 18 20 22 25 27 28 32 33 35 36 38 41 39 0 0 0 0 0 0 0 0 0 0 0 0 0 0 0 0 0 0 0 0 0 0 0 0 0 
17 18 21 23 26 29 30 31 34 35 39 39 40 42 43 0 0 0 0 0 0 0 0 0 0 0 0 0 0 0 0 0 0 0 0 0 0 0 0 
18 19 21 25 26 28 32 36 35 36 40 41 42 42 44 47 0 0 0 0 0 0 0 0 0 0 0 0 0 0 0 0 0 0 0 0 0 0 0 
18 21 23 24 27 29 32 35 36 40 40 41 45 43 47 49 51 0 0 0 0 0 0 0 0 0 0 0 0 0 0 0 0 0 0 0 0 0 0 
20 21 23 25 30 31 32 37 37 38 41 44 46 47 48 49 53 53 0 0 0 0 0 0 0 0 0 0 0 0 0 0 0 0 0 0 0 0 0 
20 21 23 25 30 32 33 35 38 40 42 44 48 47 50 50 54 54 55 0 0 0 0 0 0 0 0 0 0 0 0 0 0 0 0 0 0 0 0 
21 23 25 27 31 32 35 37 38 43 46 46 48 48 50 53 55 57 58 60 0 0 0 0 0 0 0 0 0 0 0 0 0 0 0 0 0 0 0 
22 23 26 28 31 34 38 38 41 41 45 47 47 50 52 53 54 59 60 59 62 0 0 0 0 0 0 0 0 0 0 0 0 0 0 0 0 0 0 
23 23 25 28 32 34 38 41 40 44 46 46 50 49 51 55 58 59 62 61 65 65 0 0 0 0 0 0 0 0 0 0 0 0 0 0 0 0 0 
23 26 27 29 33 36 37 42 41 44 47 49 49 54 55 56 58 60 62 67 64 65 69 0 0 0 0 0 0 0 0 0 0 0 0 0 0 0 0 
25 26 28 30 33 36 38 42 43 48 46 49 53 54 56 57 61 60 60 63 66 68 68 70 0 0 0 0 0 0 0 0 0 0 0 0 0 0 0 
25 28 29 31 34 37 40 42 43 48 47 50 52 55 56 61 60 62 66 66 66 70 73 72 76 0 0 0 0 0 0 0 0 0 0 0 0 0 0 
26 27 29 33 34 37 42 42 44 47 50 53 54 55 57 60 64 66 64 67 70 72 73 76 77 80 0 0 0 0 0 0 0 0 0 0 0 0 0 
27 28 30 35 34 38 40 43 47 50 49 52 56 57 59 59 62 65 67 71 72 72 74 74 79 79 80 0 0 0 0 0 0 0 0 0 0 0 0 
27 29 31 33 35 38 42 44 47 50 51 54 56 62 60 64 66 65 67 72 74 73 77 78 77 79 82 84 0 0 0 0 0 0 0 0 0 0 0 
28 30 30 33 36 41 42 46 47 49 55 54 57 58 61 64 66 68 70 70 72 73 76 77 81 82 84 84 86 0 0 0 0 0 0 0 0 0 0 
29 30 31 36 37 39 44 46 51 51 55 58 57 62 60 64 66 67 69 73 74 73 80 78 81 84 84 88 88 88 0 0 0 0 0 0 0 0 0 
30 30 33 36 38 41 44 46 49 50 53 56 59 62 65 64 69 71 71 71 73 78 79 82 81 86 86 91 91 92 94 0 0 0 0 0 0 0 0 
30 31 32 36 38 41 43 47 50 53 54 58 60 63 65 68 72 70 75 77 77 78 78 85 85 83 86 89 91 94 93 94 0 0 0 0 0 0 0 
31 32 34 36 42 41 44 51 52 54 58 57 61 63 63 67 73 71 75 78 78 80 83 82 86 89 90 90 89 91 93 98 98 0 0 0 0 0 0 
31 32 35 38 40 44 48 48 52 54 58 58 62 66 66 69 71 76 73 76 81 82 84 84 84 88 89 91 93 96 96 98 102 103 0 0 0 0 0 
32 33 36 37 40 48 47 48 53 54 56 61 62 64 71 67 71 76 77 77 82 83 82 86 86 87 93 89 93 98 95 100 99 104 104 0 0 0 0 
34 33 37 39 42 44 48 51 53 54 59 62 63 65 69 72 76 76 78 79 82 86 85 88 90 88 90 96 93 101 98 99 104 104 107 108 0 0 0 
33 36 36 39 42 45 49 52 54 57 65 65 65 69 70 70 72 76 78 82 82 85 86 91 89 95 92 99 100 98 99 102 105 105 106 111 109 0 0 
35 35 38 40 43 47 49 54 55 59 60 63 66 68 73 71 73 80 82 81 84 86 86 88 96 95 93 95 98 99 100 103 103 106 110 107 113 113 0 
36 36 37 40 44 46 52 53 57 59 63 66 65 70 72 73 81 79 80 84 85 85 93 93 102 93 97 97 100 103 102 101 110 106 106 108 114 115 120 
