3 0 0 0 0 0 0 0 0 0 0 0 0 0 0 0 0 0 0 0 0 0 0 0 0 0 0 0 0 0 0 0 0 0 0 0 0 0 0 
4 6 0 0 0 0 0 0 0 0 0 0 0 0 0 0 0 0 0 0 0 0 0 0 0 0 0 0 0 0 0 0 0 0 0 0 0 0 0 
5 7 9 0 0 0 0 0 0 0 0 0 0 0 0 0 0 0 0 0 0 0 0 0 0 0 0 0 0 0 0 0 0 0 0 0 0 0 0 
6 8 10 12 0 0 0 0 0 0 0 0 0 0 0 0 0 0 0 0 0 0 0 0 0 0 0 0 0 0 0 0 0 0 0 0 0 0 0 
7 9 12 14 16 0 0 0 0 0 0 0 0 0 0 0 0 0 0 0 0 0 0 0 0 0 0 0 0 0 0 0 0 0 0 0 0 0 0 
8 10 13 15 18 21 0 0 0 0 0 0 0 0 0 0 0 0 0 0 0 0 0 0 0 0 0 0 0 0 0 0 0 0 0 0 0 0 0 
9 11 14 17 19 22 24 0 0 0 0 0 0 0 0 0 0 0 0 0 0 0 0 0 0 0 0 0 0 0 0 0 0 0 0 0 0 0 0 
10 12 15 18 21 24 26 29 0 0 0 0 0 0 0 0 0 0 0 0 0 0 0 0 0 0 0 0 0 0 0 0 0 0 0 0 0 0 0 
11 13 16 20 22 25 28 31 34 0 0 0 0 0 0 0 0 0 0 0 0 0 0 0 0 0 0 0 0 0 0 0 0 0 0 0 0 0 0 
12 14 17 21 24 27 30 33 36 39 0 0 0 0 0 0 0 0 0 0 0 0 0 0 0 0 0 0 0 0 0 0 0 0 0 0 0 0 0 
13 15 18 22 25 28 32 36 39 42 45 0 0 0 0 0 0 0 0 0 0 0 0 0 0 0 0 0 0 0 0 0 0 0 0 0 0 0 0 
14 16 19 23 27 30 33 37 40 44 46 49 0 0 0 0 0 0 0 0 0 0 0 0 0 0 0 0 0 0 0 0 0 0 0 0 0 0 0 
15 17 20 24 28 31 35 39 42 45 49 51 54 0 0 0 0 0 0 0 0 0 0 0 0 0 0 0 0 0 0 0 0 0 0 0 0 0 0 
16 18 21 25 30 33 36 40 44 47 50 54 57 59 0 0 0 0 0 0 0 0 0 0 0 0 0 0 0 0 0 0 0 0 0 0 0 0 0 
17 19 22 26 31 34 38 42 45 49 52 55 58 62 64 0 0 0 0 0 0 0 0 0 0 0 0 0 0 0 0 0 0 0 0 0 0 0 0 
18 20 23 27 32 36 39 43 47 50 54 58 61 64 68 70 0 0 0 0 0 0 0 0 0 0 0 0 0 0 0 0 0 0 0 0 0 0 0 
19 21 24 28 33 37 41 45 49 52 56 59 63 66 69 72 75 0 0 0 0 0 0 0 0 0 0 0 0 0 0 0 0 0 0 0 0 0 0 
20 22 25 29 34 39 42 46 51 55 58 62 65 68 72 75 78 82 0 0 0 0 0 0 0 0 0 0 0 0 0 0 0 0 0 0 0 0 0 
21 23 26 30 35 40 44 48 52 56 60 64 67 72 74 77 81 83 89 0 0 0 0 0 0 0 0 0 0 0 0 0 0 0 0 0 0 0 0 
22 24 27 31 36 41 45 49 54 58 62 66 69 73 76 80 83 88 89 93 0 0 0 0 0 0 0 0 0 0 0 0 0 0 0 0 0 0 0 
23 25 28 32 37 43 47 51 55 59 64 67 71 75 78 83 86 89 93 96 99 0 0 0 0 0 0 0 0 0 0 0 0 0 0 0 0 0 0 
24 26 29 33 38 44 48 52 57 61 65 69 73 77 81 84 88 92 95 98 101 105 0 0 0 0 0 0 0 0 0 0 0 0 0 0 0 0 0 
25 27 30 34 39 45 50 54 58 63 67 71 75 80 83 87 91 94 97 101 105 107 111 0 0 0 0 0 0 0 0 0 0 0 0 0 0 0 0 
26 28 31 35 40 46 51 55 60 64 69 73 77 81 85 89 94 96 101 104 107 111 115 116 0 0 0 0 0 0 0 0 0 0 0 0 0 0 0 
27 29 32 36 41 47 52 57 61 66 71 75 79 83 87 91 95 99 104 107 111 113 117 119 124 0 0 0 0 0 0 0 0 0 0 0 0 0 0 
28 30 33 37 42 48 53 58 63 67 72 77 81 85 90 93 97 101 105 110 113 116 120 123 126 130 0 0 0 0 0 0 0 0 0 0 0 0 0 
29 31 34 38 43 49 55 60 64 69 74 79 83 87 92 96 100 104 109 111 115 119 123 126 131 133 137 0 0 0 0 0 0 0 0 0 0 0 0 
30 32 35 39 44 50 56 61 66 71 75 80 85 89 93 98 102 107 110 114 118 122 125 129 132 137 141 143 0 0 0 0 0 0 0 0 0 0 0 
31 33 36 40 45 51 57 63 67 72 77 82 87 92 96 100 104 109 112 119 121 125 128 132 135 139 142 146 150 0 0 0 0 0 0 0 0 0 0 
32 34 37 41 46 52 58 64 69 74 78 84 89 93 98 102 107 111 116 119 123 127 130 135 140 142 146 150 153 157 0 0 0 0 0 0 0 0 0 
33 35 38 42 47 53 59 65 70 75 80 85 90 95 99 104 109 113 117 122 126 130 134 138 141 146 150 153 156 160 163 0 0 0 0 0 0 0 0 
34 36 39 43 48 54 61 67 72 77 82 88 92 97 101 106 111 115 120 123 128 133 136 142 144 148 152 156 159 163 167 171 0 0 0 0 0 0 0 
35 37 40 44 49 55 62 68 73 78 83 89 94 99 104 108 113 117 121 126 131 135 140 143 148 152 155 158 163 166 170 175 177 0 0 0 0 0 0 
36 38 41 45 50 56 63 69 74 80 85 90 96 101 105 111 114 119 125 128 135 139 143 146 150 155 159 163 166 171 172 176 181 185 0 0 0 0 0 
37 39 42 46 51 57 64 70 76 81 86 92 97 102 107 113 117 122 127 131 135 141 144 149 153 157 161 166 169 173 179 180 185 188 191 0 0 0 0 
38 40 43 47 52 58 65 71 77 82 88 93 99 104 109 114 119 124 129 134 139 143 147 151 155 160 164 169 172 176 181 184 189 191 196 198 0 0 0 
39 41 44 48 53 59 66 73 78 84 90 95 100 106 111 116 122 126 132 137 140 145 150 154 158 163 167 171 175 179 183 187 192 195 199 203 205 0 0 
40 42 45 49 54 60 67 74 80 85 91 96 102 108 113 119 123 128 133 138 142 147 152 157 160 166 171 174 178 182 187 191 194 199 203 206 209 214 0 
41 43 46 50 55 61 68 75 81 87 93 98 104 109 114 120 125 130 135 140 144 150 155 160 163 169 172 176 182 186 189 194 197 201 205 210 213 217 220 
