4 0 0 0 0 0 0 0 0 0 0 0 0 0 0 0 0 0 0 0 0 0 0 0 0 0 0 0 0 0 0 0 0 0 0 0 0 0 0 
6 9 0 0 0 0 0 0 0 0 0 0 0 0 0 0 0 0 0 0 0 0 0 0 0 0 0 0 0 0 0 0 0 0 0 0 0 0 0 
8 12 16 0 0 0 0 0 0 0 0 0 0 0 0 0 0 0 0 0 0 0 0 0 0 0 0 0 0 0 0 0 0 0 0 0 0 0 0 
10 15 20 24 0 0 0 0 0 0 0 0 0 0 0 0 0 0 0 0 0 0 0 0 0 0 0 0 0 0 0 0 0 0 0 0 0 0 0 
12 18 24 28 33 0 0 0 0 0 0 0 0 0 0 0 0 0 0 0 0 0 0 0 0 0 0 0 0 0 0 0 0 0 0 0 0 0 0 
14 21 28 32 38 44 0 0 0 0 0 0 0 0 0 0 0 0 0 0 0 0 0 0 0 0 0 0 0 0 0 0 0 0 0 0 0 0 0 
16 24 32 36 43 50 57 0 0 0 0 0 0 0 0 0 0 0 0 0 0 0 0 0 0 0 0 0 0 0 0 0 0 0 0 0 0 0 0 
18 27 36 40 48 56 64 72 0 0 0 0 0 0 0 0 0 0 0 0 0 0 0 0 0 0 0 0 0 0 0 0 0 0 0 0 0 0 0 
20 30 40 44 52 60 68 76 83 0 0 0 0 0 0 0 0 0 0 0 0 0 0 0 0 0 0 0 0 0 0 0 0 0 0 0 0 0 0 
22 33 44 48 57 66 73 82 90 98 0 0 0 0 0 0 0 0 0 0 0 0 0 0 0 0 0 0 0 0 0 0 0 0 0 0 0 0 0 
24 36 48 52 62 72 80 88 96 105 113 0 0 0 0 0 0 0 0 0 0 0 0 0 0 0 0 0 0 0 0 0 0 0 0 0 0 0 0 
26 39 52 56 67 78 85 94 103 112 122 130 0 0 0 0 0 0 0 0 0 0 0 0 0 0 0 0 0 0 0 0 0 0 0 0 0 0 0 
28 42 56 60 72 84 92 101 109 118 128 136 146 0 0 0 0 0 0 0 0 0 0 0 0 0 0 0 0 0 0 0 0 0 0 0 0 0 0 
30 45 60 64 76 88 97 107 116 125 135 145 154 163 0 0 0 0 0 0 0 0 0 0 0 0 0 0 0 0 0 0 0 0 0 0 0 0 0 
32 48 64 68 81 93 103 114 123 133 143 153 163 174 182 0 0 0 0 0 0 0 0 0 0 0 0 0 0 0 0 0 0 0 0 0 0 0 0 
34 51 68 72 86 98 109 120 128 140 152 161 171 182 192 201 0 0 0 0 0 0 0 0 0 0 0 0 0 0 0 0 0 0 0 0 0 0 0 
36 54 72 76 91 103 115 128 137 147 158 169 180 191 200 212 222 0 0 0 0 0 0 0 0 0 0 0 0 0 0 0 0 0 0 0 0 0 0 
38 57 76 80 96 108 120 134 143 154 167 178 188 200 210 221 231 241 0 0 0 0 0 0 0 0 0 0 0 0 0 0 0 0 0 0 0 0 0 
40 60 80 84 100 112 126 137 149 162 172 185 196 209 220 230 242 252 264 0 0 0 0 0 0 0 0 0 0 0 0 0 0 0 0 0 0 0 0 
42 63 84 88 105 117 132 146 156 168 180 193 205 217 228 240 251 264 275 286 0 0 0 0 0 0 0 0 0 0 0 0 0 0 0 0 0 0 0 
44 66 88 92 110 122 137 151 163 176 190 200 213 226 237 249 263 273 284 296 308 0 0 0 0 0 0 0 0 0 0 0 0 0 0 0 0 0 0 
46 69 92 96 115 126 142 158 168 182 197 208 220 233 247 260 270 284 296 308 319 332 0 0 0 0 0 0 0 0 0 0 0 0 0 0 0 0 0 
48 72 96 100 120 132 148 162 176 190 202 216 231 242 255 267 280 296 307 319 330 345 354 0 0 0 0 0 0 0 0 0 0 0 0 0 0 0 0 
50 75 100 104 124 136 154 170 182 196 210 223 237 250 265 277 290 303 317 329 343 355 368 380 0 0 0 0 0 0 0 0 0 0 0 0 0 0 0 
52 78 104 108 128 141 160 173 188 204 216 231 245 259 272 286 300 313 326 340 355 367 379 392 405 0 0 0 0 0 0 0 0 0 0 0 0 0 0 
54 81 108 112 132 146 165 182 194 209 224 239 254 266 282 295 310 323 338 351 364 378 392 407 419 432 0 0 0 0 0 0 0 0 0 0 0 0 0 
56 84 112 116 136 151 170 187 201 216 230 244 261 276 289 304 319 334 348 364 375 389 405 419 430 444 458 0 0 0 0 0 0 0 0 0 0 0 0 
58 87 116 120 140 155 176 194 208 222 238 255 270 283 297 314 330 345 357 373 385 402 416 431 443 458 474 484 0 0 0 0 0 0 0 0 0 0 0 
60 90 120 124 144 160 181 200 213 229 245 261 276 293 307 322 341 354 369 383 400 413 430 441 457 471 486 498 515 0 0 0 0 0 0 0 0 0 0 
0 0 0 0 0 0 0 0 0 0 0 0 0 0 0 0 0 0 0 0 0 0 0 0 0 0 0 0 0 0 0 0 0 0 0 0 0 0 0 
0 0 0 0 0 0 0 0 0 0 0 0 0 0 0 0 0 0 0 0 0 0 0 0 0 0 0 0 0 0 0 0 0 0 0 0 0 0 0 
0 0 0 0 0 0 0 0 0 0 0 0 0 0 0 0 0 0 0 0 0 0 0 0 0 0 0 0 0 0 0 0 0 0 0 0 0 0 0 
0 0 0 0 0 0 0 0 0 0 0 0 0 0 0 0 0 0 0 0 0 0 0 0 0 0 0 0 0 0 0 0 0 0 0 0 0 0 0 
0 0 0 0 0 0 0 0 0 0 0 0 0 0 0 0 0 0 0 0 0 0 0 0 0 0 0 0 0 0 0 0 0 0 0 0 0 0 0 
0 0 0 0 0 0 0 0 0 0 0 0 0 0 0 0 0 0 0 0 0 0 0 0 0 0 0 0 0 0 0 0 0 0 0 0 0 0 0 
0 0 0 0 0 0 0 0 0 0 0 0 0 0 0 0 0 0 0 0 0 0 0 0 0 0 0 0 0 0 0 0 0 0 0 0 0 0 0 
0 0 0 0 0 0 0 0 0 0 0 0 0 0 0 0 0 0 0 0 0 0 0 0 0 0 0 0 0 0 0 0 0 0 0 0 0 0 0 
0 0 0 0 0 0 0 0 0 0 0 0 0 0 0 0 0 0 0 0 0 0 0 0 0 0 0 0 0 0 0 0 0 0 0 0 0 0 0 
0 0 0 0 0 0 0 0 0 0 0 0 0 0 0 0 0 0 0 0 0 0 0 0 0 0 0 0 0 0 0 0 0 0 0 0 0 0 0 
