4 0 0 0 0 0 0 0 0 0 0 0 0 0 0 0 0 0 0 0 0 0 0 0 0 0 0 0 0 0 0 0 0 0 0 0 0 0 0 
6 9 0 0 0 0 0 0 0 0 0 0 0 0 0 0 0 0 0 0 0 0 0 0 0 0 0 0 0 0 0 0 0 0 0 0 0 0 0 
8 12 16 0 0 0 0 0 0 0 0 0 0 0 0 0 0 0 0 0 0 0 0 0 0 0 0 0 0 0 0 0 0 0 0 0 0 0 0 
10 15 20 24 0 0 0 0 0 0 0 0 0 0 0 0 0 0 0 0 0 0 0 0 0 0 0 0 0 0 0 0 0 0 0 0 0 0 0 
12 18 24 28 33 0 0 0 0 0 0 0 0 0 0 0 0 0 0 0 0 0 0 0 0 0 0 0 0 0 0 0 0 0 0 0 0 0 0 
14 21 28 32 38 44 0 0 0 0 0 0 0 0 0 0 0 0 0 0 0 0 0 0 0 0 0 0 0 0 0 0 0 0 0 0 0 0 0 
16 24 32 36 43 50 57 0 0 0 0 0 0 0 0 0 0 0 0 0 0 0 0 0 0 0 0 0 0 0 0 0 0 0 0 0 0 0 0 
18 27 36 40 47 56 64 72 0 0 0 0 0 0 0 0 0 0 0 0 0 0 0 0 0 0 0 0 0 0 0 0 0 0 0 0 0 0 0 
20 30 40 44 52 60 68 76 83 0 0 0 0 0 0 0 0 0 0 0 0 0 0 0 0 0 0 0 0 0 0 0 0 0 0 0 0 0 0 
22 33 44 48 56 66 74 82 90 98 0 0 0 0 0 0 0 0 0 0 0 0 0 0 0 0 0 0 0 0 0 0 0 0 0 0 0 0 0 
24 36 48 52 62 72 80 88 96 105 113 0 0 0 0 0 0 0 0 0 0 0 0 0 0 0 0 0 0 0 0 0 0 0 0 0 0 0 0 
26 39 52 56 66 78 85 94 103 112 119 131 0 0 0 0 0 0 0 0 0 0 0 0 0 0 0 0 0 0 0 0 0 0 0 0 0 0 0 
28 42 56 60 70 84 92 100 110 118 128 137 146 0 0 0 0 0 0 0 0 0 0 0 0 0 0 0 0 0 0 0 0 0 0 0 0 0 0 
30 45 60 64 76 88 97 107 116 126 135 145 154 163 0 0 0 0 0 0 0 0 0 0 0 0 0 0 0 0 0 0 0 0 0 0 0 0 0 
32 48 64 68 80 93 103 114 123 133 144 153 163 172 182 0 0 0 0 0 0 0 0 0 0 0 0 0 0 0 0 0 0 0 0 0 0 0 0 
34 51 68 72 85 98 109 120 129 140 151 161 170 181 191 202 0 0 0 0 0 0 0 0 0 0 0 0 0 0 0 0 0 0 0 0 0 0 0 
36 54 72 76 90 103 115 128 137 148 158 169 180 190 200 212 221 0 0 0 0 0 0 0 0 0 0 0 0 0 0 0 0 0 0 0 0 0 0 
38 57 76 80 95 107 120 132 143 154 166 177 187 201 210 221 231 242 0 0 0 0 0 0 0 0 0 0 0 0 0 0 0 0 0 0 0 0 0 
40 60 80 84 97 112 125 137 149 161 173 185 197 208 218 230 242 252 264 0 0 0 0 0 0 0 0 0 0 0 0 0 0 0 0 0 0 0 0 
42 63 84 88 104 117 131 143 156 167 181 193 204 216 228 241 250 263 274 286 0 0 0 0 0 0 0 0 0 0 0 0 0 0 0 0 0 0 0 
44 66 88 92 105 122 137 152 163 175 187 200 213 226 237 251 261 274 284 296 308 0 0 0 0 0 0 0 0 0 0 0 0 0 0 0 0 0 0 
46 69 92 96 114 126 141 155 169 183 196 208 221 232 246 259 270 283 296 308 320 331 0 0 0 0 0 0 0 0 0 0 0 0 0 0 0 0 0 
48 72 96 100 116 132 148 162 176 190 201 216 229 241 256 267 281 295 307 318 331 343 355 0 0 0 0 0 0 0 0 0 0 0 0 0 0 0 0 
50 75 100 104 124 136 151 168 182 195 209 224 236 251 265 277 290 303 317 330 343 355 368 381 0 0 0 0 0 0 0 0 0 0 0 0 0 0 0 
52 78 104 108 123 141 158 174 188 203 216 230 245 258 273 287 299 313 328 339 355 367 381 393 407 0 0 0 0 0 0 0 0 0 0 0 0 0 0 
54 81 108 112 131 145 164 180 194 208 224 238 252 267 282 296 309 325 340 351 365 378 393 406 417 430 0 0 0 0 0 0 0 0 0 0 0 0 0 
56 84 112 116 133 151 169 187 202 215 231 245 262 275 290 304 318 333 347 361 377 390 403 419 431 445 460 0 0 0 0 0 0 0 0 0 0 0 0 
58 87 116 120 138 154 174 192 206 221 238 253 267 284 298 314 329 341 357 372 384 402 416 429 443 457 471 486 0 0 0 0 0 0 0 0 0 0 0 
60 90 120 124 141 160 180 196 214 228 244 260 277 293 307 322 337 354 368 383 398 410 430 441 458 472 484 499 514 0 0 0 0 0 0 0 0 0 0 
0 0 0 0 0 0 0 0 0 0 0 0 0 0 0 0 0 0 0 0 0 0 0 0 0 0 0 0 0 0 0 0 0 0 0 0 0 0 0 
0 0 0 0 0 0 0 0 0 0 0 0 0 0 0 0 0 0 0 0 0 0 0 0 0 0 0 0 0 0 0 0 0 0 0 0 0 0 0 
0 0 0 0 0 0 0 0 0 0 0 0 0 0 0 0 0 0 0 0 0 0 0 0 0 0 0 0 0 0 0 0 0 0 0 0 0 0 0 
0 0 0 0 0 0 0 0 0 0 0 0 0 0 0 0 0 0 0 0 0 0 0 0 0 0 0 0 0 0 0 0 0 0 0 0 0 0 0 
0 0 0 0 0 0 0 0 0 0 0 0 0 0 0 0 0 0 0 0 0 0 0 0 0 0 0 0 0 0 0 0 0 0 0 0 0 0 0 
0 0 0 0 0 0 0 0 0 0 0 0 0 0 0 0 0 0 0 0 0 0 0 0 0 0 0 0 0 0 0 0 0 0 0 0 0 0 0 
0 0 0 0 0 0 0 0 0 0 0 0 0 0 0 0 0 0 0 0 0 0 0 0 0 0 0 0 0 0 0 0 0 0 0 0 0 0 0 
0 0 0 0 0 0 0 0 0 0 0 0 0 0 0 0 0 0 0 0 0 0 0 0 0 0 0 0 0 0 0 0 0 0 0 0 0 0 0 
0 0 0 0 0 0 0 0 0 0 0 0 0 0 0 0 0 0 0 0 0 0 0 0 0 0 0 0 0 0 0 0 0 0 0 0 0 0 0 
0 0 0 0 0 0 0 0 0 0 0 0 0 0 0 0 0 0 0 0 0 0 0 0 0 0 0 0 0 0 0 0 0 0 0 0 0 0 0 
