4 0 0 0 0 0 0 0 0 0 0 0 0 0 0 0 0 0 0 0 0 0 0 0 0 0 0 0 0 0 0 0 0 0 0 0 0 0 0 
6 9 0 0 0 0 0 0 0 0 0 0 0 0 0 0 0 0 0 0 0 0 0 0 0 0 0 0 0 0 0 0 0 0 0 0 0 0 0 
8 12 16 0 0 0 0 0 0 0 0 0 0 0 0 0 0 0 0 0 0 0 0 0 0 0 0 0 0 0 0 0 0 0 0 0 0 0 0 
10 15 20 24 0 0 0 0 0 0 0 0 0 0 0 0 0 0 0 0 0 0 0 0 0 0 0 0 0 0 0 0 0 0 0 0 0 0 0 
12 18 24 28 33 0 0 0 0 0 0 0 0 0 0 0 0 0 0 0 0 0 0 0 0 0 0 0 0 0 0 0 0 0 0 0 0 0 0 
14 21 28 32 38 44 0 0 0 0 0 0 0 0 0 0 0 0 0 0 0 0 0 0 0 0 0 0 0 0 0 0 0 0 0 0 0 0 0 
16 24 32 36 43 50 57 0 0 0 0 0 0 0 0 0 0 0 0 0 0 0 0 0 0 0 0 0 0 0 0 0 0 0 0 0 0 0 0 
18 27 36 40 48 56 64 72 0 0 0 0 0 0 0 0 0 0 0 0 0 0 0 0 0 0 0 0 0 0 0 0 0 0 0 0 0 0 0 
20 30 40 44 52 60 68 76 84 0 0 0 0 0 0 0 0 0 0 0 0 0 0 0 0 0 0 0 0 0 0 0 0 0 0 0 0 0 0 
22 33 44 48 57 66 74 82 90 97 0 0 0 0 0 0 0 0 0 0 0 0 0 0 0 0 0 0 0 0 0 0 0 0 0 0 0 0 0 
24 36 48 52 62 72 80 88 96 106 112 0 0 0 0 0 0 0 0 0 0 0 0 0 0 0 0 0 0 0 0 0 0 0 0 0 0 0 0 
26 39 52 56 67 78 86 94 103 112 120 131 0 0 0 0 0 0 0 0 0 0 0 0 0 0 0 0 0 0 0 0 0 0 0 0 0 0 0 
28 42 56 60 72 84 92 101 109 118 127 137 146 0 0 0 0 0 0 0 0 0 0 0 0 0 0 0 0 0 0 0 0 0 0 0 0 0 0 
30 45 60 64 76 88 97 107 116 126 135 145 153 164 0 0 0 0 0 0 0 0 0 0 0 0 0 0 0 0 0 0 0 0 0 0 0 0 0 
32 48 64 68 81 93 103 114 122 134 143 153 163 172 182 0 0 0 0 0 0 0 0 0 0 0 0 0 0 0 0 0 0 0 0 0 0 0 0 
34 51 68 72 86 98 109 120 129 140 150 160 171 181 192 201 0 0 0 0 0 0 0 0 0 0 0 0 0 0 0 0 0 0 0 0 0 0 0 
36 54 72 76 91 103 115 127 137 148 160 169 179 191 200 211 221 0 0 0 0 0 0 0 0 0 0 0 0 0 0 0 0 0 0 0 0 0 0 
38 57 76 80 96 108 120 134 142 154 168 177 187 198 211 221 231 241 0 0 0 0 0 0 0 0 0 0 0 0 0 0 0 0 0 0 0 0 0 
40 60 80 84 100 112 126 138 149 162 174 185 198 207 220 230 241 251 263 0 0 0 0 0 0 0 0 0 0 0 0 0 0 0 0 0 0 0 0 
42 63 84 88 105 117 132 146 156 169 181 192 205 217 228 239 252 265 276 287 0 0 0 0 0 0 0 0 0 0 0 0 0 0 0 0 0 0 0 
44 66 88 92 110 122 137 152 164 176 187 201 213 225 237 248 261 273 283 296 307 0 0 0 0 0 0 0 0 0 0 0 0 0 0 0 0 0 0 
46 69 92 96 115 126 143 157 168 183 195 208 220 233 247 259 270 283 296 307 320 331 0 0 0 0 0 0 0 0 0 0 0 0 0 0 0 0 0 
48 72 96 100 120 131 148 164 176 189 202 215 229 242 255 270 280 294 306 317 331 342 356 0 0 0 0 0 0 0 0 0 0 0 0 0 0 0 0 
50 75 100 104 124 136 154 170 181 196 209 223 237 250 264 278 290 304 316 330 342 355 368 382 0 0 0 0 0 0 0 0 0 0 0 0 0 0 0 
52 78 104 108 128 141 160 173 188 203 217 230 245 259 273 286 300 314 327 340 354 367 379 392 406 0 0 0 0 0 0 0 0 0 0 0 0 0 0 
54 81 108 112 132 145 165 182 194 209 224 238 252 267 281 295 310 325 338 351 365 378 392 406 418 432 0 0 0 0 0 0 0 0 0 0 0 0 0 
56 84 112 116 136 151 170 188 200 215 230 246 261 277 289 305 319 336 347 362 377 389 404 418 429 445 458 0 0 0 0 0 0 0 0 0 0 0 0 
58 87 116 120 140 156 176 194 206 222 237 253 268 283 300 315 328 342 359 372 386 400 417 428 443 458 470 485 0 0 0 0 0 0 0 0 0 0 0 
60 90 120 124 144 160 181 200 213 228 245 260 275 293 306 323 337 354 366 383 397 414 428 440 456 472 485 500 514 0 0 0 0 0 0 0 0 0 0 
0 0 0 0 0 0 0 0 0 0 0 0 0 0 0 0 0 0 0 0 0 0 0 0 0 0 0 0 0 0 0 0 0 0 0 0 0 0 0 
0 0 0 0 0 0 0 0 0 0 0 0 0 0 0 0 0 0 0 0 0 0 0 0 0 0 0 0 0 0 0 0 0 0 0 0 0 0 0 
0 0 0 0 0 0 0 0 0 0 0 0 0 0 0 0 0 0 0 0 0 0 0 0 0 0 0 0 0 0 0 0 0 0 0 0 0 0 0 
0 0 0 0 0 0 0 0 0 0 0 0 0 0 0 0 0 0 0 0 0 0 0 0 0 0 0 0 0 0 0 0 0 0 0 0 0 0 0 
0 0 0 0 0 0 0 0 0 0 0 0 0 0 0 0 0 0 0 0 0 0 0 0 0 0 0 0 0 0 0 0 0 0 0 0 0 0 0 
0 0 0 0 0 0 0 0 0 0 0 0 0 0 0 0 0 0 0 0 0 0 0 0 0 0 0 0 0 0 0 0 0 0 0 0 0 0 0 
0 0 0 0 0 0 0 0 0 0 0 0 0 0 0 0 0 0 0 0 0 0 0 0 0 0 0 0 0 0 0 0 0 0 0 0 0 0 0 
0 0 0 0 0 0 0 0 0 0 0 0 0 0 0 0 0 0 0 0 0 0 0 0 0 0 0 0 0 0 0 0 0 0 0 0 0 0 0 
0 0 0 0 0 0 0 0 0 0 0 0 0 0 0 0 0 0 0 0 0 0 0 0 0 0 0 0 0 0 0 0 0 0 0 0 0 0 0 
0 0 0 0 0 0 0 0 0 0 0 0 0 0 0 0 0 0 0 0 0 0 0 0 0 0 0 0 0 0 0 0 0 0 0 0 0 0 0 
