4 0 0 0 0 0 0 0 0 0 0 0 0 0 0 0 0 0 0 0 0 0 0 0 0 0 0 0 0 0 0 0 0 0 0 0 0 0 0 
6 9 0 0 0 0 0 0 0 0 0 0 0 0 0 0 0 0 0 0 0 0 0 0 0 0 0 0 0 0 0 0 0 0 0 0 0 0 0 
8 12 16 0 0 0 0 0 0 0 0 0 0 0 0 0 0 0 0 0 0 0 0 0 0 0 0 0 0 0 0 0 0 0 0 0 0 0 0 
10 15 20 24 0 0 0 0 0 0 0 0 0 0 0 0 0 0 0 0 0 0 0 0 0 0 0 0 0 0 0 0 0 0 0 0 0 0 0 
12 18 24 28 33 0 0 0 0 0 0 0 0 0 0 0 0 0 0 0 0 0 0 0 0 0 0 0 0 0 0 0 0 0 0 0 0 0 0 
14 21 28 32 38 44 0 0 0 0 0 0 0 0 0 0 0 0 0 0 0 0 0 0 0 0 0 0 0 0 0 0 0 0 0 0 0 0 0 
16 24 32 36 43 50 57 0 0 0 0 0 0 0 0 0 0 0 0 0 0 0 0 0 0 0 0 0 0 0 0 0 0 0 0 0 0 0 0 
18 27 36 40 48 56 64 72 0 0 0 0 0 0 0 0 0 0 0 0 0 0 0 0 0 0 0 0 0 0 0 0 0 0 0 0 0 0 0 
20 30 40 44 52 60 68 76 84 0 0 0 0 0 0 0 0 0 0 0 0 0 0 0 0 0 0 0 0 0 0 0 0 0 0 0 0 0 0 
22 33 44 48 57 66 74 82 90 98 0 0 0 0 0 0 0 0 0 0 0 0 0 0 0 0 0 0 0 0 0 0 0 0 0 0 0 0 0 
24 36 48 52 62 72 80 88 96 105 113 0 0 0 0 0 0 0 0 0 0 0 0 0 0 0 0 0 0 0 0 0 0 0 0 0 0 0 0 
26 39 52 56 67 78 86 94 102 112 121 128 0 0 0 0 0 0 0 0 0 0 0 0 0 0 0 0 0 0 0 0 0 0 0 0 0 0 0 
28 42 56 60 72 84 91 101 110 119 128 137 145 0 0 0 0 0 0 0 0 0 0 0 0 0 0 0 0 0 0 0 0 0 0 0 0 0 0 
30 45 60 64 76 88 97 107 116 125 135 145 153 164 0 0 0 0 0 0 0 0 0 0 0 0 0 0 0 0 0 0 0 0 0 0 0 0 0 
32 48 64 68 81 93 103 113 123 133 142 152 162 172 182 0 0 0 0 0 0 0 0 0 0 0 0 0 0 0 0 0 0 0 0 0 0 0 0 
34 51 68 72 86 98 109 120 130 140 151 161 171 181 193 202 0 0 0 0 0 0 0 0 0 0 0 0 0 0 0 0 0 0 0 0 0 0 0 
36 54 72 76 91 103 115 126 137 148 159 168 179 190 201 211 221 0 0 0 0 0 0 0 0 0 0 0 0 0 0 0 0 0 0 0 0 0 0 
38 57 76 80 96 108 120 134 143 154 167 177 188 200 210 221 231 242 0 0 0 0 0 0 0 0 0 0 0 0 0 0 0 0 0 0 0 0 0 
40 60 80 84 100 112 126 140 150 161 174 184 196 207 218 231 242 252 264 0 0 0 0 0 0 0 0 0 0 0 0 0 0 0 0 0 0 0 0 
42 63 84 88 105 117 132 146 155 168 181 193 205 215 228 241 251 263 275 286 0 0 0 0 0 0 0 0 0 0 0 0 0 0 0 0 0 0 0 
44 66 88 92 110 122 137 151 162 177 188 200 214 225 237 249 260 273 284 297 309 0 0 0 0 0 0 0 0 0 0 0 0 0 0 0 0 0 0 
46 69 92 96 115 126 143 158 168 184 195 208 221 232 246 259 270 283 297 307 320 333 0 0 0 0 0 0 0 0 0 0 0 0 0 0 0 0 0 
48 72 96 100 120 131 148 164 175 190 203 216 228 242 256 267 281 294 305 318 331 343 355 0 0 0 0 0 0 0 0 0 0 0 0 0 0 0 0 
50 75 100 104 124 136 153 170 182 195 210 223 236 249 264 278 289 304 317 329 342 355 368 380 0 0 0 0 0 0 0 0 0 0 0 0 0 0 0 
52 78 104 108 128 141 159 176 188 203 217 231 245 258 273 287 300 314 326 340 355 366 379 393 406 0 0 0 0 0 0 0 0 0 0 0 0 0 0 
54 81 108 112 132 145 165 182 195 209 225 238 253 267 284 294 309 323 337 351 364 379 392 405 420 433 0 0 0 0 0 0 0 0 0 0 0 0 0 
56 84 112 116 136 151 171 186 201 216 230 246 261 276 288 304 320 333 346 363 376 391 403 417 432 445 461 0 0 0 0 0 0 0 0 0 0 0 0 
58 87 116 120 140 156 176 194 207 222 236 254 268 285 299 316 328 342 358 373 386 402 416 430 444 457 472 484 0 0 0 0 0 0 0 0 0 0 0 
60 90 120 124 144 160 181 200 213 228 245 261 277 292 306 322 338 352 368 383 397 414 428 441 457 470 486 499 513 0 0 0 0 0 0 0 0 0 0 
0 0 0 0 0 0 0 0 0 0 0 0 0 0 0 0 0 0 0 0 0 0 0 0 0 0 0 0 0 0 0 0 0 0 0 0 0 0 0 
0 0 0 0 0 0 0 0 0 0 0 0 0 0 0 0 0 0 0 0 0 0 0 0 0 0 0 0 0 0 0 0 0 0 0 0 0 0 0 
0 0 0 0 0 0 0 0 0 0 0 0 0 0 0 0 0 0 0 0 0 0 0 0 0 0 0 0 0 0 0 0 0 0 0 0 0 0 0 
0 0 0 0 0 0 0 0 0 0 0 0 0 0 0 0 0 0 0 0 0 0 0 0 0 0 0 0 0 0 0 0 0 0 0 0 0 0 0 
0 0 0 0 0 0 0 0 0 0 0 0 0 0 0 0 0 0 0 0 0 0 0 0 0 0 0 0 0 0 0 0 0 0 0 0 0 0 0 
0 0 0 0 0 0 0 0 0 0 0 0 0 0 0 0 0 0 0 0 0 0 0 0 0 0 0 0 0 0 0 0 0 0 0 0 0 0 0 
0 0 0 0 0 0 0 0 0 0 0 0 0 0 0 0 0 0 0 0 0 0 0 0 0 0 0 0 0 0 0 0 0 0 0 0 0 0 0 
0 0 0 0 0 0 0 0 0 0 0 0 0 0 0 0 0 0 0 0 0 0 0 0 0 0 0 0 0 0 0 0 0 0 0 0 0 0 0 
0 0 0 0 0 0 0 0 0 0 0 0 0 0 0 0 0 0 0 0 0 0 0 0 0 0 0 0 0 0 0 0 0 0 0 0 0 0 0 
0 0 0 0 0 0 0 0 0 0 0 0 0 0 0 0 0 0 0 0 0 0 0 0 0 0 0 0 0 0 0 0 0 0 0 0 0 0 0 
