3 0 0 0 0 0 0 0 0 0 0 0 0 0 0 0 0 0 0 0 0 0 0 0 0 0 0 0 0 0 0 0 0 0 0 0 0 0 0 
4 6 0 0 0 0 0 0 0 0 0 0 0 0 0 0 0 0 0 0 0 0 0 0 0 0 0 0 0 0 0 0 0 0 0 0 0 0 0 
5 7 9 0 0 0 0 0 0 0 0 0 0 0 0 0 0 0 0 0 0 0 0 0 0 0 0 0 0 0 0 0 0 0 0 0 0 0 0 
6 8 10 12 0 0 0 0 0 0 0 0 0 0 0 0 0 0 0 0 0 0 0 0 0 0 0 0 0 0 0 0 0 0 0 0 0 0 0 
7 9 12 14 16 0 0 0 0 0 0 0 0 0 0 0 0 0 0 0 0 0 0 0 0 0 0 0 0 0 0 0 0 0 0 0 0 0 0 
8 10 13 15 18 21 0 0 0 0 0 0 0 0 0 0 0 0 0 0 0 0 0 0 0 0 0 0 0 0 0 0 0 0 0 0 0 0 0 
9 11 14 17 19 22 24 0 0 0 0 0 0 0 0 0 0 0 0 0 0 0 0 0 0 0 0 0 0 0 0 0 0 0 0 0 0 0 0 
10 12 15 18 21 24 26 29 0 0 0 0 0 0 0 0 0 0 0 0 0 0 0 0 0 0 0 0 0 0 0 0 0 0 0 0 0 0 0 
11 13 16 20 22 25 28 31 34 0 0 0 0 0 0 0 0 0 0 0 0 0 0 0 0 0 0 0 0 0 0 0 0 0 0 0 0 0 0 
12 14 17 21 24 27 30 33 36 39 0 0 0 0 0 0 0 0 0 0 0 0 0 0 0 0 0 0 0 0 0 0 0 0 0 0 0 0 0 
13 15 18 22 25 28 32 36 39 42 45 0 0 0 0 0 0 0 0 0 0 0 0 0 0 0 0 0 0 0 0 0 0 0 0 0 0 0 0 
14 16 19 23 27 30 33 37 40 44 48 52 0 0 0 0 0 0 0 0 0 0 0 0 0 0 0 0 0 0 0 0 0 0 0 0 0 0 0 
15 17 20 24 28 31 35 39 42 45 49 53 56 0 0 0 0 0 0 0 0 0 0 0 0 0 0 0 0 0 0 0 0 0 0 0 0 0 0 
16 18 21 25 30 33 36 40 44 47 51 55 58 61 0 0 0 0 0 0 0 0 0 0 0 0 0 0 0 0 0 0 0 0 0 0 0 0 0 
17 19 22 26 31 34 38 42 46 50 53 57 60 64 67 0 0 0 0 0 0 0 0 0 0 0 0 0 0 0 0 0 0 0 0 0 0 0 0 
18 20 23 27 32 36 39 43 47 51 55 59 63 67 70 72 0 0 0 0 0 0 0 0 0 0 0 0 0 0 0 0 0 0 0 0 0 0 0 
19 21 24 28 33 37 41 45 49 53 57 61 65 68 73 77 78 0 0 0 0 0 0 0 0 0 0 0 0 0 0 0 0 0 0 0 0 0 0 
20 22 25 29 34 39 42 46 51 55 60 62 66 72 75 77 82 84 0 0 0 0 0 0 0 0 0 0 0 0 0 0 0 0 0 0 0 0 0 
21 23 26 30 35 40 44 48 52 57 61 65 69 75 79 83 85 87 93 0 0 0 0 0 0 0 0 0 0 0 0 0 0 0 0 0 0 0 0 
22 24 27 31 36 42 45 49 54 59 63 66 70 75 79 83 86 90 97 97 0 0 0 0 0 0 0 0 0 0 0 0 0 0 0 0 0 0 0 
23 25 28 32 37 43 47 51 55 60 64 69 73 77 81 84 89 92 97 101 105 0 0 0 0 0 0 0 0 0 0 0 0 0 0 0 0 0 0 
24 26 29 33 38 44 48 52 57 62 66 71 75 79 83 87 91 95 100 104 106 110 0 0 0 0 0 0 0 0 0 0 0 0 0 0 0 0 0 
25 27 30 34 39 45 50 54 58 63 68 72 77 81 85 89 93 97 100 104 108 113 116 0 0 0 0 0 0 0 0 0 0 0 0 0 0 0 0 
26 28 31 35 40 46 51 55 60 65 70 75 78 82 87 91 95 99 103 107 111 115 119 123 0 0 0 0 0 0 0 0 0 0 0 0 0 0 0 
27 29 32 36 41 47 53 57 61 66 72 78 80 85 89 93 97 101 105 109 112 118 120 125 125 0 0 0 0 0 0 0 0 0 0 0 0 0 0 
28 30 33 37 42 48 54 58 63 68 73 79 83 87 91 95 100 103 107 111 115 120 122 127 131 133 0 0 0 0 0 0 0 0 0 0 0 0 0 
29 31 34 38 43 49 56 60 64 69 75 80 84 89 93 98 102 107 110 115 119 121 127 130 134 136 140 0 0 0 0 0 0 0 0 0 0 0 0 
30 32 35 39 44 50 57 61 66 71 76 82 86 91 95 99 105 108 113 118 121 125 129 134 137 140 143 146 0 0 0 0 0 0 0 0 0 0 0 
31 33 36 40 45 51 58 63 67 72 78 83 88 93 97 103 106 111 116 119 123 128 132 135 141 144 146 150 153 0 0 0 0 0 0 0 0 0 0 
32 34 37 41 46 52 59 64 69 74 79 85 90 94 99 103 109 113 118 122 127 131 134 139 143 146 151 153 156 160 0 0 0 0 0 0 0 0 0 
33 35 38 42 47 53 60 66 70 75 81 87 92 97 101 105 111 115 121 125 129 133 137 141 145 150 153 157 160 163 167 0 0 0 0 0 0 0 0 
34 36 39 43 48 54 61 67 72 77 82 88 94 98 104 108 113 118 123 127 131 135 140 144 148 153 157 160 164 167 170 174 0 0 0 0 0 0 0 
35 37 40 44 49 55 62 69 73 78 84 90 96 101 105 110 115 120 124 129 134 138 142 147 150 155 159 164 167 170 176 178 181 0 0 0 0 0 0 
36 38 41 45 50 56 63 70 75 80 85 91 97 103 107 113 116 122 127 131 137 140 145 149 154 158 164 166 171 173 177 181 189 189 0 0 0 0 0 
37 39 42 46 51 57 64 72 76 81 87 92 99 104 109 114 119 124 130 135 139 143 147 151 155 160 164 169 174 176 180 184 189 193 196 0 0 0 0 
38 40 43 47 52 58 65 73 78 83 88 94 100 106 112 117 121 126 132 136 141 145 149 155 158 163 168 172 176 181 184 187 192 194 198 204 0 0 0 
39 41 44 48 53 59 66 74 79 84 90 96 102 108 113 118 123 128 134 139 144 148 152 157 161 166 170 175 179 184 187 190 196 199 203 207 210 0 0 
40 42 45 49 54 60 67 75 81 86 91 97 103 109 115 120 126 130 135 142 145 152 156 159 164 169 174 177 182 186 189 193 199 203 207 210 215 217 0 
41 43 46 50 55 61 68 76 82 87 93 99 105 112 117 123 127 133 138 143 149 152 158 163 166 170 176 180 185 191 195 197 202 206 210 214 220 220 225 
