3 0 0 0 0 0 0 0 0 0 0 0 0 0 0 0 0 0 0 0 0 0 0 0 0 0 0 0 0 0 0 0 0 0 0 0 0 0 0 
4 6 0 0 0 0 0 0 0 0 0 0 0 0 0 0 0 0 0 0 0 0 0 0 0 0 0 0 0 0 0 0 0 0 0 0 0 0 0 
5 7 9 0 0 0 0 0 0 0 0 0 0 0 0 0 0 0 0 0 0 0 0 0 0 0 0 0 0 0 0 0 0 0 0 0 0 0 0 
6 8 10 12 0 0 0 0 0 0 0 0 0 0 0 0 0 0 0 0 0 0 0 0 0 0 0 0 0 0 0 0 0 0 0 0 0 0 0 
7 9 12 14 16 0 0 0 0 0 0 0 0 0 0 0 0 0 0 0 0 0 0 0 0 0 0 0 0 0 0 0 0 0 0 0 0 0 0 
8 10 13 15 18 21 0 0 0 0 0 0 0 0 0 0 0 0 0 0 0 0 0 0 0 0 0 0 0 0 0 0 0 0 0 0 0 0 0 
9 11 14 17 19 22 24 0 0 0 0 0 0 0 0 0 0 0 0 0 0 0 0 0 0 0 0 0 0 0 0 0 0 0 0 0 0 0 0 
10 12 15 18 21 24 26 29 0 0 0 0 0 0 0 0 0 0 0 0 0 0 0 0 0 0 0 0 0 0 0 0 0 0 0 0 0 0 0 
11 13 16 20 22 25 28 31 34 0 0 0 0 0 0 0 0 0 0 0 0 0 0 0 0 0 0 0 0 0 0 0 0 0 0 0 0 0 0 
12 14 17 20 24 27 30 33 36 39 0 0 0 0 0 0 0 0 0 0 0 0 0 0 0 0 0 0 0 0 0 0 0 0 0 0 0 0 0 
13 15 18 22 25 28 32 36 39 42 45 0 0 0 0 0 0 0 0 0 0 0 0 0 0 0 0 0 0 0 0 0 0 0 0 0 0 0 0 
14 16 19 23 27 30 33 37 40 44 48 52 0 0 0 0 0 0 0 0 0 0 0 0 0 0 0 0 0 0 0 0 0 0 0 0 0 0 0 
15 17 19 24 28 31 35 39 42 45 49 53 55 0 0 0 0 0 0 0 0 0 0 0 0 0 0 0 0 0 0 0 0 0 0 0 0 0 0 
16 18 21 25 30 33 36 40 44 47 51 55 57 60 0 0 0 0 0 0 0 0 0 0 0 0 0 0 0 0 0 0 0 0 0 0 0 0 0 
17 19 22 25 31 34 38 42 46 50 53 56 59 64 67 0 0 0 0 0 0 0 0 0 0 0 0 0 0 0 0 0 0 0 0 0 0 0 0 
18 20 23 27 32 36 39 43 47 51 55 59 63 67 70 74 0 0 0 0 0 0 0 0 0 0 0 0 0 0 0 0 0 0 0 0 0 0 0 
19 21 24 28 33 37 41 45 49 53 57 61 65 69 73 77 81 0 0 0 0 0 0 0 0 0 0 0 0 0 0 0 0 0 0 0 0 0 0 
20 22 25 28 34 39 42 46 50 55 59 63 68 72 76 80 84 88 0 0 0 0 0 0 0 0 0 0 0 0 0 0 0 0 0 0 0 0 0 
21 23 26 30 34 40 44 48 52 55 61 65 69 75 80 84 88 92 96 0 0 0 0 0 0 0 0 0 0 0 0 0 0 0 0 0 0 0 0 
22 24 27 31 36 42 45 49 54 59 63 67 71 75 81 85 90 95 100 105 0 0 0 0 0 0 0 0 0 0 0 0 0 0 0 0 0 0 0 
23 25 28 32 37 42 47 51 55 59 65 69 73 77 83 87 91 96 101 106 108 0 0 0 0 0 0 0 0 0 0 0 0 0 0 0 0 0 0 
24 26 29 32 38 44 48 52 56 62 66 70 75 79 85 89 93 98 103 108 110 113 0 0 0 0 0 0 0 0 0 0 0 0 0 0 0 0 0 
25 27 30 34 38 45 50 54 58 63 67 72 77 82 86 91 95 99 105 110 113 116 119 0 0 0 0 0 0 0 0 0 0 0 0 0 0 0 0 
26 28 31 35 39 46 51 55 60 64 69 74 80 85 90 94 98 102 107 112 116 119 123 126 0 0 0 0 0 0 0 0 0 0 0 0 0 0 0 
27 29 32 36 41 46 53 57 61 66 71 76 81 85 91 95 100 104 110 115 119 123 126 130 133 0 0 0 0 0 0 0 0 0 0 0 0 0 0 
28 30 33 37 42 48 54 58 63 68 73 78 82 88 93 97 101 107 111 115 119 124 129 133 138 142 0 0 0 0 0 0 0 0 0 0 0 0 0 
29 31 34 37 43 49 56 60 64 68 74 80 85 90 95 100 105 110 115 119 124 129 135 141 146 151 156 0 0 0 0 0 0 0 0 0 0 0 0 
30 32 35 39 44 50 56 61 66 71 75 81 87 92 97 101 106 110 116 121 126 130 135 139 150 155 160 165 0 0 0 0 0 0 0 0 0 0 0 
31 33 36 40 45 50 58 63 67 72 78 84 89 93 99 104 108 113 118 123 127 133 138 144 149 159 165 170 175 0 0 0 0 0 0 0 0 0 0 
32 34 37 41 46 52 59 64 69 74 79 84 90 96 101 106 110 115 119 124 130 136 141 146 154 162 168 174 180 186 0 0 0 0 0 0 0 0 0 
33 35 38 42 46 53 60 66 70 75 80 86 92 97 103 107 112 116 122 127 131 139 144 150 157 162 169 175 181 187 189 0 0 0 0 0 0 0 0 
34 36 39 43 47 54 60 67 72 77 82 87 94 99 105 109 114 119 124 129 135 142 148 153 158 165 171 177 183 189 191 194 0 0 0 0 0 0 0 
35 37 40 44 49 54 62 69 73 78 83 89 95 101 106 112 117 122 127 132 138 143 148 153 161 166 174 180 186 192 194 198 202 0 0 0 0 0 0 
36 38 41 45 50 56 63 70 75 80 85 90 97 102 108 114 119 125 130 135 140 145 149 157 163 169 176 182 188 194 196 200 203 208 0 0 0 0 0 
37 39 42 46 50 57 64 72 76 81 86 93 98 105 111 116 122 127 132 137 143 148 153 160 165 170 178 184 190 196 199 202 206 211 215 0 0 0 0 
38 40 43 47 52 58 65 72 78 83 88 94 99 107 113 118 123 128 133 139 145 151 156 161 166 170 180 186 192 198 201 204 209 214 217 222 0 0 0 
39 41 44 48 53 58 66 74 79 84 89 96 101 108 115 120 125 130 135 142 147 152 157 164 170 176 181 186 193 199 203 207 211 216 222 226 230 0 0 
40 42 45 48 54 60 67 75 81 86 91 96 103 110 116 122 127 133 138 143 150 155 160 165 171 177 182 189 195 201 206 210 213 220 224 229 234 238 0 
41 43 46 50 55 61 68 76 82 87 93 99 104 111 118 124 130 135 140 145 152 158 163 168 175 180 185 190 197 204 209 213 218 223 228 233 237 243 248 
