3 0 0 0 0 0 0 0 0 0 0 0 0 0 0 0 0 0 0 0 0 0 0 0 0 0 0 0 0 0 0 0 0 0 0 0 0 0 0 
4 6 0 0 0 0 0 0 0 0 0 0 0 0 0 0 0 0 0 0 0 0 0 0 0 0 0 0 0 0 0 0 0 0 0 0 0 0 0 
5 7 9 0 0 0 0 0 0 0 0 0 0 0 0 0 0 0 0 0 0 0 0 0 0 0 0 0 0 0 0 0 0 0 0 0 0 0 0 
6 8 10 12 0 0 0 0 0 0 0 0 0 0 0 0 0 0 0 0 0 0 0 0 0 0 0 0 0 0 0 0 0 0 0 0 0 0 0 
7 9 12 14 16 0 0 0 0 0 0 0 0 0 0 0 0 0 0 0 0 0 0 0 0 0 0 0 0 0 0 0 0 0 0 0 0 0 0 
8 10 13 15 18 21 0 0 0 0 0 0 0 0 0 0 0 0 0 0 0 0 0 0 0 0 0 0 0 0 0 0 0 0 0 0 0 0 0 
9 11 14 17 19 22 24 0 0 0 0 0 0 0 0 0 0 0 0 0 0 0 0 0 0 0 0 0 0 0 0 0 0 0 0 0 0 0 0 
10 12 15 18 21 24 26 29 0 0 0 0 0 0 0 0 0 0 0 0 0 0 0 0 0 0 0 0 0 0 0 0 0 0 0 0 0 0 0 
11 13 16 20 22 25 28 31 34 0 0 0 0 0 0 0 0 0 0 0 0 0 0 0 0 0 0 0 0 0 0 0 0 0 0 0 0 0 0 
12 14 17 20 24 27 30 33 36 39 0 0 0 0 0 0 0 0 0 0 0 0 0 0 0 0 0 0 0 0 0 0 0 0 0 0 0 0 0 
13 15 18 22 25 28 32 36 39 42 45 0 0 0 0 0 0 0 0 0 0 0 0 0 0 0 0 0 0 0 0 0 0 0 0 0 0 0 0 
14 16 19 23 27 30 33 37 40 44 48 52 0 0 0 0 0 0 0 0 0 0 0 0 0 0 0 0 0 0 0 0 0 0 0 0 0 0 0 
15 17 20 24 28 31 35 39 42 45 49 53 55 0 0 0 0 0 0 0 0 0 0 0 0 0 0 0 0 0 0 0 0 0 0 0 0 0 0 
16 18 21 25 30 33 36 40 44 47 51 54 57 60 0 0 0 0 0 0 0 0 0 0 0 0 0 0 0 0 0 0 0 0 0 0 0 0 0 
17 19 22 26 30 34 38 42 46 50 53 56 59 63 67 0 0 0 0 0 0 0 0 0 0 0 0 0 0 0 0 0 0 0 0 0 0 0 0 
18 20 23 27 32 36 39 43 47 50 54 59 63 67 70 74 0 0 0 0 0 0 0 0 0 0 0 0 0 0 0 0 0 0 0 0 0 0 0 
19 21 24 28 33 37 41 45 48 53 57 61 65 69 73 77 81 0 0 0 0 0 0 0 0 0 0 0 0 0 0 0 0 0 0 0 0 0 0 
20 22 25 28 34 39 42 46 51 55 59 63 66 70 76 80 84 88 0 0 0 0 0 0 0 0 0 0 0 0 0 0 0 0 0 0 0 0 0 
21 23 26 30 34 40 44 48 52 55 61 65 69 72 79 84 88 92 96 0 0 0 0 0 0 0 0 0 0 0 0 0 0 0 0 0 0 0 0 
22 24 27 31 36 42 45 49 54 59 63 67 71 75 81 85 90 95 100 105 0 0 0 0 0 0 0 0 0 0 0 0 0 0 0 0 0 0 0 
23 25 28 32 37 42 47 51 55 59 65 69 73 77 83 87 91 96 101 106 108 0 0 0 0 0 0 0 0 0 0 0 0 0 0 0 0 0 0 
24 26 29 33 38 43 48 52 56 62 66 70 74 79 85 89 93 98 103 108 110 113 0 0 0 0 0 0 0 0 0 0 0 0 0 0 0 0 0 
25 27 30 34 38 45 50 54 58 62 68 73 77 82 86 90 94 100 105 110 113 116 120 0 0 0 0 0 0 0 0 0 0 0 0 0 0 0 0 
26 28 31 35 39 46 51 55 60 65 70 74 80 85 90 94 98 102 107 111 115 118 121 126 0 0 0 0 0 0 0 0 0 0 0 0 0 0 0 
27 29 32 36 41 46 52 57 61 66 71 76 81 85 90 95 99 103 108 112 117 120 125 128 134 0 0 0 0 0 0 0 0 0 0 0 0 0 0 
28 30 33 37 42 48 54 58 63 68 73 78 82 87 92 97 101 105 109 115 119 123 127 131 137 140 0 0 0 0 0 0 0 0 0 0 0 0 0 
29 31 34 38 42 49 56 60 64 68 74 80 85 90 94 98 103 107 112 117 122 126 131 136 140 144 148 0 0 0 0 0 0 0 0 0 0 0 0 
30 32 35 39 43 50 56 61 66 71 75 82 87 92 97 102 106 110 115 120 125 130 135 140 150 155 160 165 0 0 0 0 0 0 0 0 0 0 0 
31 33 36 40 44 51 58 63 67 72 77 83 88 94 98 103 108 113 117 123 128 133 137 141 145 151 156 160 165 0 0 0 0 0 0 0 0 0 0 
32 34 37 41 45 52 59 64 69 74 79 84 90 95 100 105 110 115 120 124 129 135 140 144 149 154 159 163 168 172 0 0 0 0 0 0 0 0 0 
33 35 38 42 46 53 60 66 70 75 80 86 91 98 103 107 112 117 122 126 131 137 142 147 151 157 162 167 171 176 181 0 0 0 0 0 0 0 0 
34 36 39 43 48 54 61 67 72 77 82 87 94 99 104 109 114 119 124 130 135 139 144 148 155 160 165 170 174 180 184 189 0 0 0 0 0 0 0 
35 37 40 44 49 55 62 68 73 78 83 90 95 100 106 111 116 121 126 131 136 141 145 152 158 163 168 173 178 183 188 192 198 0 0 0 0 0 0 
36 38 41 45 50 56 63 70 75 80 85 90 97 103 109 114 119 125 130 135 140 145 149 154 160 167 172 177 182 186 191 196 200 206 0 0 0 0 0 
37 39 42 46 50 57 64 72 76 81 86 93 98 103 111 116 121 126 131 136 141 147 152 158 163 168 174 179 184 190 195 200 205 209 214 0 0 0 0 
38 40 43 47 52 58 64 73 78 83 88 93 101 107 112 118 123 128 133 138 143 150 155 160 166 171 177 182 187 193 198 202 206 213 218 222 0 0 0 
39 41 44 48 53 58 66 74 79 84 90 95 102 108 114 119 125 130 135 141 146 151 156 163 168 173 179 185 190 195 200 205 209 216 221 226 230 0 0 
40 42 45 49 54 60 67 74 81 86 91 97 103 110 116 122 128 133 138 143 148 153 160 166 171 177 183 188 194 200 205 209 214 219 223 229 234 238 0 
41 43 46 50 55 61 67 76 82 87 93 99 104 112 118 124 130 135 140 146 151 156 162 169 174 179 185 190 195 201 207 212 217 222 227 231 237 242 247 
